0 0.049200 0.039806 0.069600 0.067961
0 0.114400 0.066505 0.083200 0.074757
0 0.100400 0.246117 0.098400 0.092233
0 0.189600 0.300000 0.097600 0.081553
0 0.096800 0.342718 0.052800 0.052427
0 0.074400 0.425243 0.092800 0.091262
0 0.313600 0.458252 0.076800 0.093204
0 0.217600 0.425243 0.067200 0.100971
0 0.152800 0.450971 0.068800 0.068932
0 0.374800 0.175728 0.058400 0.066019
0 0.406800 0.232524 0.045600 0.043689
0 0.804000 0.560680 0.104000 0.125243
0 0.788400 0.492233 0.084000 0.038835
0 0.774800 0.687864 0.061600 0.070874
0 0.884000 0.410194 0.048000 0.053398
0 0.910000 0.289320 0.180000 0.205825
0 0.714800 0.176214 0.087200 0.065049
0 0.965200 0.115049 0.069600 0.134951
0 0.976000 0.020388 0.048000 0.038835
0 0.794800 0.031553 0.056800 0.061165
0 0.562000 0.517961 0.037600 0.066990
0 0.449600 0.804369 0.049600 0.076699
0 0.410000 0.834466 0.048800 0.053398
0 0.522800 0.036893 0.085600 0.071845
0 0.422400 0.102913 0.076800 0.054369
0 0.826400 0.118932 0.048000 0.070874
0 0.036000 0.667961 0.070400 0.071845
0 0.712000 0.441262 0.075200 0.121359
0 0.988400 0.628641 0.023200 0.065049
0 0.631200 0.087379 0.062400 0.079612
