0 0.028000 0.752427 0.046400 0.040777
0 0.247600 0.766505 0.079200 0.090291
0 0.064800 0.676699 0.115200 0.112621
0 0.080800 0.588350 0.096000 0.077670
0 0.165200 0.581553 0.082400 0.116505
0 0.221200 0.504369 0.092000 0.072816
0 0.282800 0.505825 0.040800 0.052427
0 0.288000 0.583010 0.072000 0.101942
0 0.395200 0.522816 0.081600 0.068932
0 0.354400 0.453398 0.059200 0.060194
0 0.345600 0.414078 0.075200 0.045631
0 0.274400 0.440777 0.049600 0.038835
0 0.237600 0.355340 0.084800 0.075728
0 0.305600 0.376214 0.030400 0.024272
0 0.179600 0.476699 0.069600 0.048544
0 0.116000 0.423786 0.086400 0.084466
0 0.087200 0.488835 0.076800 0.047573
0 0.034400 0.411165 0.067200 0.088350
0 0.502400 0.741262 0.032000 0.033981
0 0.656000 0.643689 0.068800 0.081553
0 0.574800 0.617476 0.084000 0.095146
0 0.592800 0.534466 0.056000 0.045631
0 0.437200 0.586893 0.060000 0.092233
0 0.496400 0.539806 0.085600 0.056311
0 0.617600 0.472816 0.078400 0.077670
0 0.607200 0.398058 0.078400 0.075728
0 0.505200 0.385437 0.069600 0.060194
0 0.446400 0.415049 0.056000 0.049515
0 0.478400 0.444175 0.052800 0.032039
0 0.508400 0.479612 0.050400 0.058252
0 0.449200 0.240291 0.061600 0.080583
0 0.544800 0.259709 0.078400 0.098058
0 0.528800 0.157282 0.056000 0.042718
0 0.688000 0.237379 0.051200 0.035922
0 0.717200 0.499515 0.068000 0.160194
0 0.790000 0.387379 0.084000 0.091262
0 0.882800 0.380097 0.076000 0.123301
0 0.809600 0.653398 0.089600 0.124272
0 0.746400 0.623301 0.032000 0.044660
0 0.912800 0.614563 0.120000 0.145631
0 0.943200 0.367476 0.043200 0.039806
0 0.940800 0.410194 0.035200 0.028155
0 0.865600 0.287379 0.052800 0.054369
0 0.914800 0.187864 0.079200 0.090291
0 0.982800 0.309223 0.034400 0.072816
0 0.983600 0.403883 0.032800 0.104854
0 0.136800 0.306311 0.054400 0.057282
0 0.086800 0.300971 0.045600 0.038835
0 0.241200 0.161650 0.063200 0.039806
0 0.342400 0.251456 0.036800 0.031068
