0 0.282400 0.811650 0.043200 0.046602
0 0.176400 0.756796 0.029600 0.030097
0 0.012000 0.614078 0.022400 0.084466
0 0.131600 0.542233 0.125600 0.098058
0 0.174400 0.638350 0.062400 0.084466
0 0.400400 0.666505 0.117600 0.117476
0 0.430400 0.747087 0.020800 0.024272
0 0.290400 0.593689 0.092800 0.115534
0 0.220400 0.562621 0.077600 0.074757
0 0.075200 0.447087 0.086400 0.084466
0 0.058800 0.376699 0.116000 0.095146
0 0.430800 0.391262 0.101600 0.091262
0 0.448400 0.486408 0.103200 0.093204
0 0.405200 0.554854 0.069600 0.061165
0 0.302000 0.366505 0.096800 0.086408
0 0.210400 0.373301 0.089600 0.119417
0 0.270400 0.455340 0.110400 0.064078
0 0.348000 0.232039 0.100800 0.077670
0 0.215600 0.178155 0.090400 0.103883
0 0.341200 0.077670 0.077600 0.054369
0 0.066800 0.159223 0.069600 0.077670
0 0.549200 0.202427 0.061600 0.043689
0 0.584400 0.522816 0.076000 0.193204
0 0.627600 0.659709 0.066400 0.068932
0 0.510400 0.700000 0.091200 0.108738
0 0.756800 0.708738 0.139200 0.196117
0 0.846800 0.643689 0.120800 0.116505
0 0.867600 0.739320 0.050400 0.055340
0 0.933600 0.547087 0.080000 0.090291
0 0.956000 0.606311 0.044800 0.041748
0 0.671200 0.394660 0.096000 0.109709
0 0.622000 0.296117 0.026400 0.069903
0 0.765600 0.297087 0.038400 0.085437
0 0.731200 0.311650 0.016000 0.052427
0 0.811600 0.399515 0.120800 0.156311
0 0.957600 0.355825 0.084800 0.158252
0 0.922000 0.225728 0.052000 0.057282
0 0.842800 0.165534 0.085600 0.109709
0 0.740400 0.047573 0.050400 0.079612
