0 0.073600 0.696117 0.145600 0.203883
0 0.186000 0.524757 0.084000 0.084466
0 0.258400 0.419417 0.086400 0.067961
0 0.433200 0.391748 0.119200 0.158252
0 0.682000 0.636408 0.061600 0.086408
0 0.420400 0.460680 0.058400 0.074757
0 0.451600 0.675243 0.071200 0.055340
0 0.548800 0.601456 0.051200 0.053398
0 0.623600 0.465534 0.079200 0.090291
0 0.537600 0.421359 0.086400 0.071845
0 0.576400 0.436408 0.074400 0.086408
0 0.588400 0.246117 0.085600 0.078641
0 0.580400 0.297087 0.052000 0.058252
0 0.625600 0.308738 0.046400 0.077670
0 0.626000 0.127670 0.098400 0.094175
0 0.551200 0.082524 0.124800 0.104854
0 0.503600 0.020388 0.092000 0.038835
0 0.194800 0.037379 0.128800 0.072816
0 0.305200 0.113107 0.063200 0.080583
0 0.801600 0.583010 0.060800 0.074757
0 0.875600 0.663107 0.119200 0.149515
0 0.850400 0.315049 0.126400 0.138835
0 0.944800 0.359223 0.062400 0.071845
0 0.729200 0.228641 0.071200 0.059223
0 0.356800 0.316019 0.092800 0.094175
