0 0.050400 0.364563 0.099200 0.082524
0 0.189200 0.300485 0.096800 0.076699
0 0.274800 0.416019 0.101600 0.123301
0 0.278800 0.564563 0.079200 0.090291
0 0.355200 0.575728 0.078400 0.083495
0 0.273600 0.655825 0.097600 0.096117
0 0.358800 0.661165 0.071200 0.069903
0 0.064800 0.572330 0.052800 0.063107
0 0.140800 0.517961 0.072000 0.047573
0 0.034000 0.542718 0.066400 0.073786
0 0.116800 0.572816 0.051200 0.031068
0 0.108000 0.788350 0.097600 0.099029
0 0.346800 0.929612 0.074400 0.068932
0 0.414000 0.832524 0.066400 0.086408
0 0.444800 0.547087 0.054400 0.041748
0 0.618000 0.630097 0.061600 0.066019
0 0.688800 0.530583 0.065600 0.066990
0 0.783200 0.413107 0.113600 0.121359
0 0.732000 0.703883 0.139200 0.151456
0 0.827600 0.741748 0.116000 0.133981
0 0.526400 0.248544 0.081600 0.064078
0 0.319600 0.176214 0.093600 0.070874
0 0.601600 0.125728 0.102400 0.113592
0 0.856800 0.079612 0.124800 0.145631
0 0.395200 0.204369 0.068800 0.053398
0 0.535600 0.485922 0.069600 0.107767
0 0.940000 0.499515 0.088000 0.082524
0 0.852000 0.477670 0.064000 0.034951
0 0.338000 0.380583 0.082400 0.085437
0 0.406000 0.418932 0.069600 0.037864
