0 0.020400 0.601456 0.039200 0.080583
0 0.055200 0.554369 0.056000 0.038835
0 0.150000 0.489320 0.087200 0.099029
0 0.223600 0.478155 0.079200 0.084466
0 0.264800 0.425728 0.080000 0.086408
0 0.310000 0.543689 0.120800 0.130097
0 0.389600 0.540777 0.091200 0.126214
0 0.402000 0.677184 0.058400 0.086408
0 0.522800 0.666990 0.063200 0.095146
0 0.545600 0.510680 0.067200 0.077670
0 0.273200 0.658738 0.056800 0.080583
0 0.302400 0.713107 0.049600 0.051456
0 0.042800 0.283010 0.084000 0.086408
0 0.045200 0.216990 0.088800 0.070874
0 0.335200 0.323301 0.062400 0.062136
0 0.084400 0.423786 0.064800 0.047573
0 0.039200 0.432524 0.075200 0.088350
0 0.380000 0.430583 0.088000 0.061165
0 0.452400 0.415534 0.056800 0.046602
0 0.282800 0.235922 0.076000 0.040777
0 0.171600 0.321359 0.042400 0.060194
0 0.258800 0.112136 0.080800 0.059223
0 0.485200 0.186408 0.058400 0.052427
0 0.627200 0.458738 0.067200 0.055340
0 0.595200 0.502427 0.052800 0.061165
0 0.684400 0.526214 0.066400 0.069903
0 0.604000 0.580097 0.062400 0.084466
0 0.658800 0.598544 0.074400 0.072816
0 0.770800 0.391262 0.088800 0.087379
0 0.748800 0.486408 0.089600 0.108738
0 0.901200 0.668447 0.082400 0.080583
0 0.939200 0.617961 0.060800 0.082524
0 0.778000 0.123301 0.079200 0.089320
