0 0.096800 0.216990 0.099200 0.098058
0 0.036800 0.183981 0.072000 0.049515
0 0.261600 0.136408 0.131200 0.086408
0 0.358400 0.272330 0.140800 0.148544
0 0.168000 0.407767 0.060800 0.044660
0 0.138000 0.470388 0.120800 0.070874
0 0.392400 0.446117 0.088800 0.107767
0 0.399200 0.552913 0.100800 0.123301
0 0.210000 0.707282 0.111200 0.125243
0 0.501600 0.873786 0.080000 0.083495
0 0.551200 0.758252 0.067200 0.095146
0 0.480000 0.560680 0.075200 0.080583
0 0.509200 0.622330 0.053600 0.062136
0 0.786400 0.520874 0.052800 0.055340
0 0.688000 0.403883 0.088000 0.100971
0 0.783600 0.336893 0.108000 0.114563
0 0.849200 0.410194 0.056800 0.100000
0 0.684400 0.329126 0.040800 0.046602
0 0.896000 0.161650 0.116800 0.175728
0 0.663600 0.066990 0.090400 0.067961
0 0.475600 0.460680 0.088800 0.100000
0 0.556800 0.447087 0.086400 0.068932
0 0.490400 0.301456 0.081600 0.082524
0 0.446400 0.236893 0.091200 0.071845
0 0.028000 0.453398 0.054400 0.095146
0 0.065200 0.416505 0.060000 0.038835
0 0.484800 0.024272 0.070400 0.046602
0 0.407200 0.019417 0.080000 0.036893
0 0.141200 0.699029 0.036000 0.050485
