0 0.480800 0.732039 0.091200 0.108738
0 0.709600 0.536893 0.107200 0.124272
0 0.353600 0.532039 0.100800 0.118447
0 0.379200 0.443689 0.080000 0.122330
0 0.260000 0.483981 0.048000 0.049515
0 0.154800 0.401456 0.068000 0.066990
0 0.416000 0.285922 0.076800 0.088350
0 0.054000 0.565534 0.106400 0.090291
0 0.071200 0.481068 0.072000 0.078641
0 0.575200 0.199515 0.073600 0.098058
0 0.505200 0.193204 0.103200 0.100971
0 0.414000 0.172330 0.085600 0.080583
0 0.157600 0.166505 0.084800 0.070874
0 0.244400 0.124757 0.080800 0.065049
0 0.108800 0.266019 0.100800 0.133981
0 0.059200 0.209223 0.116800 0.113592
0 0.914000 0.679126 0.092000 0.096117
0 0.826400 0.733495 0.065600 0.068932
0 0.688400 0.048058 0.103200 0.078641
0 0.415600 0.039320 0.082400 0.072816
0 0.176000 0.024757 0.076800 0.047573
0 0.675600 0.245146 0.040800 0.080583
