0 0.037200 0.788350 0.050400 0.066019
0 0.143200 0.769903 0.100800 0.116505
0 0.283600 0.702427 0.064800 0.066990
0 0.432800 0.503883 0.155200 0.139806
0 0.222400 0.441748 0.171200 0.132039
0 0.073600 0.466505 0.075200 0.090291
0 0.046400 0.580583 0.075200 0.126214
0 0.246400 0.582524 0.076800 0.108738
0 0.482800 0.266990 0.101600 0.155340
0 0.592000 0.311650 0.104000 0.124272
0 0.300800 0.212621 0.081600 0.083495
0 0.092800 0.281068 0.070400 0.074757
0 0.252400 0.047087 0.096800 0.059223
0 0.518400 0.102913 0.062400 0.095146
0 0.416000 0.055825 0.064000 0.068932
0 0.839200 0.376699 0.108800 0.133981
0 0.784800 0.461165 0.126400 0.157282
0 0.852000 0.489806 0.044800 0.055340
0 0.913600 0.470874 0.070400 0.077670
0 0.910400 0.527184 0.064000 0.046602
0 0.825200 0.175728 0.084000 0.058252
0 0.976400 0.235922 0.047200 0.079612
0 0.936800 0.200485 0.070400 0.117476
0 0.964800 0.121359 0.070400 0.066019
0 0.971200 0.054369 0.057600 0.073786
0 0.700400 0.611650 0.045600 0.077670
0 0.677200 0.566990 0.055200 0.081553
0 0.624400 0.520874 0.047200 0.066990
0 0.987200 0.805340 0.025600 0.125243
