0 0.013200 0.687379 0.024800 0.089320
0 0.082000 0.616990 0.090400 0.090291
0 0.080000 0.704369 0.060800 0.066990
0 0.334400 0.665534 0.078400 0.080583
0 0.332400 0.597573 0.060000 0.055340
0 0.313200 0.519417 0.060000 0.083495
0 0.445600 0.546602 0.044800 0.062136
0 0.565600 0.795146 0.089600 0.104854
0 0.700000 0.687864 0.052800 0.080583
0 0.416800 0.749029 0.056000 0.035922
0 0.516000 0.714078 0.040000 0.045631
0 0.735600 0.553398 0.060000 0.066019
0 0.680400 0.626699 0.080800 0.068932
0 0.606800 0.487379 0.071200 0.085437
0 0.620400 0.549029 0.077600 0.088350
0 0.210400 0.431068 0.099200 0.116505
0 0.134400 0.446602 0.054400 0.056311
0 0.290000 0.414563 0.060000 0.060194
0 0.251600 0.381068 0.069600 0.049515
0 0.458000 0.310194 0.104800 0.078641
0 0.470400 0.371359 0.059200 0.047573
0 0.598800 0.373301 0.061600 0.055340
0 0.635200 0.260194 0.092800 0.093204
0 0.520800 0.173301 0.068800 0.107767
0 0.402800 0.215049 0.093600 0.105825
0 0.069200 0.271845 0.077600 0.042718
0 0.146800 0.268932 0.103200 0.100971
0 0.645200 0.115534 0.045600 0.050485
0 0.871200 0.630097 0.043200 0.064078
0 0.822400 0.744660 0.054400 0.060194
0 0.750000 0.350485 0.050400 0.153398
0 0.796000 0.227184 0.094400 0.095146
0 0.769600 0.146602 0.064000 0.066019
0 0.921600 0.162136 0.076800 0.083495
0 0.848800 0.060194 0.083200 0.054369
0 0.798000 0.530583 0.036000 0.055340
0 0.900400 0.572816 0.055200 0.079612
0 0.983600 0.402913 0.032800 0.093204
0 0.827200 0.601456 0.041600 0.035922
