0 0.116000 0.027184 0.089600 0.052427
0 0.099200 0.088350 0.072000 0.052427
0 0.395200 0.129612 0.072000 0.072816
0 0.346000 0.248058 0.060000 0.070874
0 0.208400 0.468447 0.090400 0.041748
0 0.345200 0.446117 0.082400 0.086408
0 0.277600 0.412136 0.057600 0.053398
0 0.541600 0.576214 0.052800 0.066990
0 0.436400 0.569417 0.050400 0.049515
0 0.570400 0.374757 0.049600 0.054369
0 0.760400 0.225243 0.074400 0.064078
0 0.760800 0.288350 0.065600 0.062136
0 0.730000 0.176699 0.028000 0.046602
0 0.518800 0.275243 0.087200 0.129126
0 0.527200 0.019903 0.088000 0.037864
0 0.571600 0.062136 0.103200 0.052427
0 0.497200 0.131553 0.021600 0.037864
0 0.808800 0.410194 0.062400 0.074757
0 0.966000 0.479126 0.052000 0.066990
0 0.942800 0.324272 0.052000 0.054369
0 0.980400 0.265049 0.039200 0.089320
0 0.824000 0.148058 0.072000 0.065049
0 0.854800 0.067476 0.104800 0.119417
0 0.109200 0.728155 0.047200 0.069903
0 0.082400 0.755825 0.059200 0.051456
0 0.315200 0.029126 0.048000 0.040777
0 0.956000 0.540777 0.052800 0.067961
