0 0.012400 0.684951 0.023200 0.082524
0 0.081600 0.616019 0.091200 0.088350
0 0.078000 0.706796 0.066400 0.075728
0 0.334000 0.666505 0.084000 0.084466
0 0.335200 0.602913 0.062400 0.062136
0 0.312400 0.527184 0.063200 0.067961
0 0.563200 0.794175 0.091200 0.106796
0 0.416000 0.754369 0.057600 0.048544
0 0.441600 0.546602 0.051200 0.067961
0 0.700400 0.688350 0.053600 0.085437
0 0.676000 0.626699 0.073600 0.066990
0 0.134000 0.448544 0.056800 0.060194
0 0.211200 0.442718 0.104000 0.095146
0 0.735200 0.554369 0.064000 0.067961
0 0.457600 0.313107 0.107200 0.086408
0 0.636400 0.262621 0.088800 0.090291
0 0.401600 0.216505 0.096000 0.100971
0 0.316800 0.328641 0.105600 0.072816
0 0.064800 0.277184 0.076800 0.055340
0 0.150800 0.272330 0.095200 0.092233
0 0.244000 0.381553 0.075200 0.048544
0 0.597200 0.373301 0.060000 0.055340
0 0.643600 0.121845 0.047200 0.055340
0 0.745600 0.351456 0.059200 0.159223
0 0.790400 0.224272 0.089600 0.099029
0 0.764400 0.146602 0.060000 0.066019
0 0.914000 0.163107 0.069600 0.079612
0 0.845600 0.068447 0.083200 0.057282
0 0.799600 0.530583 0.040800 0.057282
0 0.896000 0.568932 0.057600 0.069903
0 0.867600 0.630097 0.042400 0.052427
0 0.819200 0.750000 0.049600 0.059223
0 0.982000 0.402427 0.036000 0.098058
0 0.515600 0.172816 0.064800 0.106796
0 0.618400 0.557282 0.073600 0.077670
0 0.604800 0.489320 0.076800 0.089320
0 0.550000 0.548544 0.056800 0.089320
0 0.656400 0.423301 0.037600 0.036893
0 0.106000 0.354854 0.042400 0.055340
0 0.157600 0.349515 0.049600 0.052427
0 0.224400 0.330583 0.044000 0.045631
0 0.513600 0.702913 0.044800 0.044660
0 0.824400 0.601456 0.040800 0.035922
0 0.915200 0.756796 0.025600 0.045631
