0 0.049600 0.033495 0.097600 0.065049
0 0.048800 0.279612 0.081600 0.085437
0 0.011600 0.247573 0.021600 0.089320
0 0.169600 0.223301 0.078400 0.058252
0 0.281600 0.234466 0.094400 0.144660
0 0.196400 0.299029 0.076000 0.038835
0 0.229200 0.343204 0.080800 0.084466
0 0.300000 0.583010 0.083200 0.105825
0 0.119600 0.551942 0.117600 0.090291
0 0.652400 0.520388 0.100000 0.104854
0 0.679200 0.435922 0.099200 0.079612
0 0.624400 0.276699 0.080800 0.165049
0 0.580400 0.419903 0.093600 0.059223
0 0.811600 0.245631 0.144800 0.203883
0 0.629200 0.162621 0.092000 0.063107
0 0.714800 0.103883 0.080800 0.069903
0 0.510000 0.037864 0.085600 0.073786
0 0.520400 0.132524 0.076000 0.059223
0 0.975600 0.046602 0.048800 0.077670
0 0.972400 0.533010 0.055200 0.099029
0 0.811200 0.821845 0.049600 0.057282
0 0.227600 0.916019 0.058400 0.039806
0 0.494800 0.901942 0.055200 0.071845
0 0.952800 0.137379 0.057600 0.043689
0 0.785600 0.446602 0.073600 0.079612
0 0.188400 0.741262 0.063200 0.053398
