0 0.047200 0.135437 0.092800 0.088350
0 0.154000 0.267476 0.132000 0.146602
0 0.225200 0.226214 0.082400 0.079612
0 0.317600 0.274757 0.080000 0.050485
0 0.176800 0.019903 0.096000 0.037864
0 0.276000 0.020874 0.080000 0.039806
0 0.424400 0.051456 0.090400 0.056311
0 0.637200 0.133495 0.106400 0.142718
0 0.713200 0.217961 0.135200 0.129126
0 0.750000 0.042718 0.069600 0.064078
0 0.822400 0.032524 0.051200 0.055340
0 0.922400 0.078155 0.062400 0.086408
0 0.965600 0.223786 0.068800 0.096117
0 0.909600 0.339320 0.072000 0.086408
0 0.810800 0.321359 0.072800 0.038835
0 0.656400 0.533495 0.144800 0.169903
0 0.763600 0.577184 0.119200 0.156311
0 0.554400 0.484951 0.059200 0.063107
0 0.630400 0.372816 0.070400 0.071845
0 0.553200 0.395631 0.050400 0.096117
0 0.275600 0.821359 0.077600 0.077670
0 0.346400 0.718447 0.067200 0.087379
0 0.030400 0.706796 0.059200 0.067961
0 0.078800 0.603398 0.079200 0.078641
0 0.165600 0.524757 0.113600 0.105825
0 0.271600 0.534951 0.082400 0.073786
0 0.256800 0.438835 0.083200 0.091262
0 0.169600 0.428155 0.089600 0.099029
0 0.024800 0.397573 0.048000 0.043689
0 0.016800 0.457767 0.032000 0.033981
