0 0.035600 0.523301 0.069600 0.075728
0 0.075600 0.329126 0.104800 0.100971
0 0.099200 0.385437 0.081600 0.083495
0 0.164800 0.416019 0.078400 0.068932
0 0.275600 0.374757 0.061600 0.052427
0 0.362800 0.350971 0.052000 0.065049
0 0.393600 0.414563 0.073600 0.089320
0 0.338800 0.499029 0.079200 0.066019
0 0.307600 0.459709 0.080800 0.068932
0 0.205600 0.663107 0.099200 0.110680
0 0.388000 0.717476 0.070400 0.095146
0 0.712000 0.674272 0.092800 0.094175
0 0.736000 0.595146 0.092800 0.079612
0 0.654800 0.567961 0.056800 0.058252
0 0.727600 0.476214 0.100000 0.078641
0 0.875200 0.467961 0.112000 0.128155
0 0.840800 0.369903 0.088000 0.071845
0 0.694800 0.415049 0.064800 0.059223
0 0.697200 0.351942 0.080800 0.068932
0 0.782800 0.301942 0.085600 0.083495
0 0.789200 0.239320 0.069600 0.043689
0 0.810400 0.175728 0.064000 0.062136
0 0.599200 0.225728 0.084800 0.072816
0 0.568000 0.164563 0.065600 0.057282
0 0.501200 0.112136 0.069600 0.070874
0 0.603200 0.301942 0.070400 0.052427
0 0.691200 0.124272 0.056000 0.064078
0 0.849200 0.960194 0.052000 0.058252
0 0.296400 0.862136 0.060000 0.056311
0 0.178000 0.203883 0.090400 0.073786
