0 0.284800 0.709709 0.088000 0.155340
0 0.371600 0.514078 0.112800 0.125243
0 0.505600 0.552427 0.081600 0.085437
0 0.598000 0.440291 0.112800 0.100000
0 0.166800 0.428155 0.098400 0.157282
0 0.204000 0.356311 0.089600 0.104854
0 0.268000 0.412136 0.080000 0.096117
0 0.300800 0.444660 0.081600 0.067961
0 0.468800 0.231068 0.083200 0.073786
0 0.341200 0.203883 0.071200 0.104854
0 0.358800 0.121359 0.087200 0.077670
0 0.430000 0.054854 0.053600 0.053398
0 0.702800 0.175728 0.093600 0.093204
0 0.813200 0.331068 0.088800 0.102913
0 0.948400 0.132039 0.090400 0.108738
0 0.861600 0.058738 0.033600 0.065049
0 0.859200 0.688835 0.118400 0.202913
0 0.955200 0.706796 0.075200 0.099029
0 0.958400 0.779612 0.083200 0.124272
0 0.938800 0.839320 0.071200 0.086408
0 0.552000 0.119903 0.054400 0.082524
0 0.060400 0.276699 0.119200 0.178641
