0 0.049600 0.637864 0.080000 0.077670
0 0.060400 0.558252 0.076000 0.091262
0 0.122000 0.565534 0.060000 0.047573
0 0.168000 0.546602 0.057600 0.067961
0 0.193200 0.595146 0.044000 0.056311
0 0.183200 0.658252 0.086400 0.066019
0 0.320400 0.570388 0.074400 0.049515
0 0.372800 0.584466 0.060800 0.067961
0 0.343200 0.630583 0.036800 0.065049
0 0.363600 0.814563 0.047200 0.060194
0 0.679600 0.825243 0.087200 0.108738
0 0.537600 0.706796 0.060800 0.066019
0 0.626800 0.626214 0.064800 0.091262
0 0.693600 0.577184 0.072000 0.111650
0 0.681600 0.448058 0.057600 0.080583
0 0.488000 0.398544 0.070400 0.068932
0 0.564000 0.312621 0.046400 0.048544
0 0.833600 0.337864 0.088000 0.106796
0 0.872800 0.274757 0.081600 0.056311
0 0.886400 0.422816 0.099200 0.101942
0 0.948400 0.515049 0.098400 0.111650
0 0.854400 0.513592 0.073600 0.085437
0 0.786000 0.198058 0.050400 0.062136
0 0.380400 0.447087 0.084000 0.074757
0 0.346800 0.387864 0.050400 0.039806
0 0.315200 0.443689 0.065600 0.060194
0 0.974400 0.031068 0.051200 0.060194
