0 0.030400 0.469417 0.059200 0.084466
0 0.199200 0.582039 0.056000 0.059223
0 0.121200 0.330097 0.087200 0.108738
0 0.214400 0.301942 0.076800 0.085437
0 0.072000 0.417476 0.110400 0.093204
0 0.508800 0.499029 0.051200 0.064078
0 0.438800 0.546602 0.042400 0.046602
0 0.670400 0.576214 0.065600 0.059223
0 0.668400 0.641262 0.074400 0.072816
0 0.498000 0.311650 0.082400 0.073786
0 0.627200 0.191748 0.088000 0.107767
0 0.664400 0.280583 0.076000 0.089320
0 0.661600 0.358738 0.046400 0.072816
0 0.652400 0.446117 0.055200 0.057282
0 0.872000 0.347573 0.073600 0.097087
0 0.825200 0.182524 0.103200 0.110680
0 0.981200 0.254854 0.037600 0.055340
0 0.901200 0.078641 0.095200 0.120388
0 0.965600 0.155340 0.068800 0.091262
0 0.167600 0.068447 0.093600 0.098058
0 0.204000 0.153883 0.067200 0.098058
0 0.256400 0.152427 0.064800 0.081553
0 0.357600 0.234466 0.081600 0.051456
0 0.382800 0.276699 0.068000 0.060194
0 0.425600 0.324757 0.052800 0.047573
0 0.374400 0.131068 0.084800 0.058252
0 0.438000 0.195631 0.068000 0.051456
0 0.388800 0.181068 0.080000 0.055340
0 0.461200 0.041262 0.068000 0.065049
0 0.539600 0.058252 0.076000 0.075728
0 0.554800 0.032524 0.112800 0.063107
0 0.841600 0.513592 0.030400 0.038835
0 0.845200 0.603398 0.039200 0.055340
0 0.270800 0.041748 0.146400 0.081553
