0 0.102400 0.789806 0.094400 0.098058
0 0.400800 0.757767 0.035200 0.033981
0 0.324000 0.714563 0.028800 0.023301
0 0.270000 0.532524 0.096800 0.080583
0 0.230000 0.457282 0.068000 0.066019
0 0.228000 0.407282 0.078400 0.045631
0 0.140800 0.437379 0.054400 0.043689
0 0.324400 0.610194 0.063200 0.125243
0 0.389600 0.562136 0.091200 0.093204
0 0.469600 0.630097 0.083200 0.100971
0 0.519200 0.478641 0.083200 0.083495
0 0.496800 0.536893 0.060800 0.050485
0 0.503200 0.398058 0.083200 0.077670
0 0.397200 0.387379 0.058400 0.052427
0 0.380400 0.453883 0.085600 0.051456
0 0.332400 0.413107 0.072800 0.049515
0 0.344000 0.359223 0.056000 0.040777
0 0.424400 0.260680 0.068000 0.082524
0 0.330000 0.224272 0.069600 0.085437
0 0.623200 0.500971 0.065600 0.161165
0 0.696000 0.392718 0.091200 0.088350
0 0.778800 0.384466 0.074400 0.130097
0 0.906000 0.343204 0.108000 0.138835
0 0.857200 0.419903 0.092000 0.146602
0 0.945200 0.493689 0.072800 0.045631
0 0.811200 0.618447 0.129600 0.128155
0 0.700800 0.612621 0.123200 0.120388
0 0.554000 0.655825 0.080800 0.088350
0 0.150000 0.591262 0.087200 0.110680
0 0.074800 0.517961 0.117600 0.096117
0 0.146000 0.512621 0.061600 0.052427
0 0.046400 0.466505 0.070400 0.078641
0 0.040400 0.633981 0.040800 0.050485
0 0.582000 0.231068 0.052000 0.036893
0 0.808800 0.180583 0.083200 0.099029
0 0.732400 0.092718 0.028000 0.043689
0 0.973200 0.163592 0.053600 0.074757
0 0.967600 0.054369 0.064800 0.083495
0 0.977200 0.275243 0.045600 0.068932
0 0.895600 0.710680 0.052000 0.048544
0 0.102400 0.341262 0.118400 0.113592
0 0.176000 0.349515 0.032000 0.042718
0 0.203600 0.237864 0.042400 0.034951
0 0.088800 0.141748 0.075200 0.044660
0 0.406000 0.135922 0.056800 0.040777
0 0.434400 0.197573 0.043200 0.039806
