0 0.049200 0.473786 0.096800 0.066019
0 0.080000 0.562136 0.158400 0.118447
0 0.166000 0.679126 0.068000 0.080583
0 0.266800 0.664563 0.064800 0.082524
0 0.292400 0.532524 0.064800 0.063107
0 0.356800 0.594175 0.084800 0.079612
0 0.414800 0.494660 0.101600 0.080583
0 0.504400 0.425243 0.084000 0.087379
0 0.400400 0.332524 0.079200 0.068932
0 0.300800 0.412136 0.078400 0.057282
0 0.174000 0.463107 0.085600 0.046602
0 0.172800 0.328641 0.088000 0.096117
0 0.585200 0.234466 0.090400 0.136893
0 0.668800 0.353398 0.083200 0.077670
0 0.654800 0.309223 0.068000 0.049515
0 0.764400 0.347573 0.095200 0.085437
0 0.842800 0.127184 0.128800 0.114563
0 0.902000 0.419417 0.048800 0.056311
0 0.788800 0.623301 0.076800 0.087379
0 0.588000 0.712136 0.084800 0.098058
0 0.638000 0.679126 0.085600 0.098058
0 0.661200 0.620874 0.077600 0.059223
0 0.558800 0.608252 0.069600 0.061165
0 0.562800 0.662136 0.072800 0.042718
0 0.401600 0.180097 0.067200 0.100000
0 0.976400 0.520388 0.047200 0.062136
0 0.061600 0.648058 0.046400 0.037864
0 0.067600 0.680097 0.045600 0.026214
0 0.063200 0.711165 0.041600 0.043689
