0 0.068400 0.156311 0.072800 0.058252
0 0.187600 0.166505 0.128800 0.119417
0 0.218400 0.133495 0.052800 0.057282
0 0.382400 0.150000 0.080000 0.055340
0 0.292800 0.250485 0.036800 0.040777
0 0.141200 0.325243 0.076000 0.085437
0 0.041200 0.445146 0.080800 0.094175
0 0.032400 0.552427 0.063200 0.132039
0 0.158800 0.510194 0.093600 0.059223
0 0.139600 0.451456 0.068000 0.048544
0 0.126000 0.551456 0.080800 0.097087
0 0.513600 0.520388 0.097600 0.126214
0 0.562000 0.509709 0.053600 0.075728
0 0.640400 0.313592 0.088800 0.077670
0 0.702800 0.465049 0.079200 0.093204
0 0.611200 0.461650 0.059200 0.092233
0 0.534800 0.694660 0.084000 0.086408
0 0.594800 0.734466 0.048800 0.055340
0 0.241200 0.768932 0.085600 0.091262
0 0.352400 0.532039 0.112800 0.116505
0 0.911600 0.450000 0.092000 0.080583
0 0.838400 0.495146 0.054400 0.073786
0 0.830800 0.433981 0.066400 0.077670
0 0.763200 0.243689 0.086400 0.106796
0 0.768800 0.181553 0.070400 0.042718
0 0.748000 0.341748 0.028800 0.038835
0 0.940800 0.669903 0.102400 0.089320
0 0.454800 0.315049 0.069600 0.041748
