0 0.116800 0.617961 0.086400 0.103883
0 0.175600 0.680583 0.069600 0.062136
0 0.253600 0.687379 0.046400 0.052427
0 0.157600 0.532039 0.080000 0.067961
0 0.225600 0.462621 0.100800 0.082524
0 0.329200 0.713107 0.064800 0.070874
0 0.383200 0.655825 0.096000 0.098058
0 0.411600 0.602913 0.069600 0.064078
0 0.383600 0.560194 0.047200 0.036893
0 0.361200 0.594660 0.088800 0.043689
0 0.376800 0.411650 0.104000 0.081553
0 0.385200 0.516019 0.064800 0.051456
0 0.261200 0.341262 0.098400 0.066990
0 0.505200 0.285437 0.066400 0.066019
0 0.527200 0.344660 0.052800 0.058252
0 0.616000 0.251456 0.060800 0.046602
0 0.632000 0.458738 0.076800 0.086408
0 0.599200 0.408738 0.044800 0.038835
0 0.674000 0.406796 0.029600 0.054369
0 0.649600 0.560194 0.073600 0.083495
0 0.480000 0.631553 0.041600 0.049515
0 0.586400 0.555825 0.043200 0.059223
0 0.606400 0.606796 0.048000 0.050485
0 0.717200 0.761165 0.066400 0.075728
0 0.818400 0.593689 0.064000 0.059223
0 0.892000 0.580583 0.094400 0.124272
0 0.878800 0.679126 0.056800 0.086408
0 0.726800 0.630097 0.050400 0.054369
0 0.790400 0.369903 0.073600 0.087379
0 0.265600 0.902913 0.065600 0.054369
0 0.348400 0.772330 0.037600 0.045631
0 0.536800 0.623786 0.048000 0.037864
