0 0.870000 0.719903 0.096800 0.136893
0 0.283200 0.666990 0.104000 0.120388
0 0.291200 0.587379 0.070400 0.054369
0 0.454000 0.659709 0.068000 0.088350
0 0.390800 0.629126 0.053600 0.067961
0 0.539200 0.638350 0.054400 0.057282
0 0.602000 0.703883 0.039200 0.054369
0 0.162400 0.480097 0.115200 0.090291
0 0.523600 0.426699 0.106400 0.107767
0 0.280400 0.382524 0.098400 0.093204
0 0.145600 0.303398 0.094400 0.072816
0 0.340000 0.297573 0.099200 0.086408
0 0.598800 0.446117 0.066400 0.080583
0 0.578400 0.382524 0.065600 0.052427
0 0.594000 0.137864 0.119200 0.157282
0 0.543200 0.072816 0.104000 0.141748
0 0.627600 0.260194 0.053600 0.067961
0 0.628000 0.309709 0.056000 0.066019
0 0.310800 0.124272 0.080800 0.071845
0 0.122400 0.202427 0.108800 0.066990
0 0.066000 0.686408 0.064800 0.054369
0 0.849600 0.276699 0.115200 0.067961
0 0.883200 0.200485 0.092800 0.092233
0 0.755600 0.108738 0.063200 0.058252
0 0.836400 0.067961 0.140000 0.112621
0 0.773200 0.376214 0.069600 0.078641
0 0.956800 0.226699 0.086400 0.162136
0 0.990000 0.064078 0.020000 0.064078
0 0.654000 0.445146 0.050400 0.039806
0 0.861200 0.618447 0.108000 0.102913
0 0.791200 0.633010 0.048000 0.073786
0 0.021200 0.206311 0.040800 0.041748
0 0.978800 0.437864 0.042400 0.085437
