0 0.058800 0.108252 0.092000 0.109709
0 0.104000 0.251456 0.073600 0.089320
0 0.209200 0.269417 0.069600 0.065049
0 0.239200 0.380097 0.108800 0.136893
0 0.344000 0.191262 0.096000 0.089320
0 0.278000 0.216990 0.072800 0.057282
0 0.363600 0.052913 0.084000 0.088350
0 0.718800 0.195146 0.068000 0.075728
0 0.573200 0.565534 0.058400 0.068932
0 0.615600 0.545631 0.048800 0.052427
0 0.598800 0.626214 0.092000 0.069903
0 0.680400 0.750971 0.122400 0.154369
0 0.694800 0.869903 0.077600 0.087379
0 0.770800 0.825728 0.076000 0.100000
0 0.694400 0.575728 0.065600 0.077670
0 0.774000 0.524272 0.164000 0.159223
0 0.870400 0.425243 0.086400 0.159223
0 0.800400 0.160194 0.055200 0.062136
0 0.976800 0.260194 0.046400 0.122330
0 0.684400 0.031068 0.040800 0.060194
0 0.064000 0.677184 0.075200 0.065049
0 0.083200 0.621359 0.060800 0.066019
0 0.200800 0.703398 0.091200 0.086408
0 0.230800 0.621359 0.061600 0.058252
0 0.198400 0.509223 0.068800 0.055340
0 0.486800 0.660194 0.050400 0.054369
0 0.376000 0.722330 0.046400 0.060194
0 0.470400 0.403398 0.049600 0.070874
0 0.348400 0.307767 0.048800 0.075728
0 0.518000 0.112621 0.079200 0.052427
0 0.052000 0.324757 0.084800 0.092233
0 0.120800 0.414078 0.084800 0.086408
0 0.142400 0.133495 0.075200 0.111650
0 0.240800 0.979126 0.062400 0.041748
