0 0.077200 0.778641 0.058400 0.087379
0 0.226400 0.766505 0.107200 0.101942
0 0.447600 0.814563 0.122400 0.145631
0 0.422400 0.729126 0.065600 0.060194
0 0.667600 0.753883 0.112800 0.187379
0 0.178000 0.450000 0.088800 0.119417
0 0.180800 0.551456 0.062400 0.087379
0 0.106400 0.365049 0.089600 0.085437
0 0.518000 0.380583 0.080800 0.097087
0 0.607200 0.539806 0.233600 0.264078
0 0.543600 0.157282 0.063200 0.069903
0 0.690400 0.151456 0.035200 0.056311
0 0.786000 0.197573 0.084000 0.092233
0 0.724000 0.283981 0.086400 0.070874
0 0.768800 0.369903 0.140800 0.145631
0 0.832400 0.243689 0.104800 0.079612
0 0.868000 0.879612 0.169600 0.240777
0 0.794800 0.761650 0.164000 0.233981
0 0.970400 0.711165 0.059200 0.094175
0 0.939200 0.034951 0.081600 0.067961
0 0.271600 0.435437 0.060000 0.051456
0 0.388400 0.399029 0.069600 0.056311
0 0.048800 0.223301 0.089600 0.062136
0 0.017600 0.696602 0.033600 0.065049
0 0.519200 0.703398 0.062400 0.076699
0 0.449200 0.562621 0.082400 0.125243
0 0.462800 0.455825 0.056800 0.057282
0 0.124000 0.186893 0.107200 0.066990
