0 0.013200 0.652913 0.024800 0.098058
0 0.104400 0.513107 0.082400 0.115534
0 0.071200 0.600971 0.054400 0.064078
0 0.269200 0.747573 0.111200 0.116505
0 0.378400 0.837864 0.070400 0.106796
0 0.132800 0.310194 0.080000 0.070874
0 0.357200 0.383010 0.090400 0.115534
0 0.440000 0.471845 0.072000 0.091262
0 0.516000 0.431553 0.084800 0.068932
0 0.517600 0.501942 0.057600 0.087379
0 0.551200 0.577670 0.096000 0.110680
0 0.624000 0.382524 0.086400 0.120388
0 0.546000 0.300000 0.092000 0.137864
0 0.586800 0.456796 0.058400 0.074757
0 0.671600 0.637379 0.068000 0.080583
0 0.724000 0.473786 0.057600 0.083495
0 0.885200 0.396117 0.084000 0.116505
0 0.788400 0.340777 0.053600 0.077670
0 0.800000 0.203883 0.046400 0.050485
0 0.876400 0.152913 0.088800 0.088350
0 0.820000 0.570388 0.072000 0.107767
0 0.896800 0.569903 0.089600 0.114563
0 0.549600 0.793204 0.097600 0.116505
0 0.602800 0.853398 0.071200 0.099029
0 0.757600 0.892233 0.067200 0.097087
0 0.835200 0.796117 0.081600 0.077670
0 0.874800 0.877184 0.112800 0.148544
0 0.930800 0.756311 0.060000 0.089320
0 0.990800 0.550000 0.018400 0.082524
0 0.450400 0.122816 0.064000 0.070874
0 0.284800 0.214563 0.084800 0.066019
0 0.127600 0.191262 0.047200 0.050485
0 0.468000 0.292718 0.048000 0.068932
0 0.361200 0.181553 0.048800 0.073786
0 0.482000 0.943689 0.044000 0.054369
