0 0.107600 0.503398 0.090400 0.107767
0 0.072000 0.596602 0.057600 0.070874
0 0.013200 0.645631 0.024800 0.102913
0 0.135200 0.303398 0.081600 0.066990
0 0.023200 0.562136 0.044800 0.069903
0 0.269600 0.738835 0.115200 0.118447
0 0.380000 0.827670 0.068800 0.101942
0 0.356800 0.378641 0.091200 0.120388
0 0.434800 0.462621 0.072800 0.105825
0 0.554400 0.788835 0.091200 0.111650
0 0.604400 0.849029 0.072800 0.094175
0 0.556800 0.572816 0.099200 0.104854
0 0.671600 0.627670 0.072800 0.086408
0 0.515600 0.463592 0.079200 0.152427
0 0.584800 0.452427 0.067200 0.077670
0 0.627600 0.374757 0.088800 0.124272
0 0.547200 0.297573 0.092800 0.154369
0 0.447600 0.115534 0.063200 0.066019
0 0.280400 0.225728 0.085600 0.084466
0 0.358400 0.174757 0.051200 0.069903
0 0.804400 0.200000 0.044000 0.054369
0 0.786800 0.338350 0.044000 0.066990
0 0.825200 0.551942 0.061600 0.088350
0 0.894800 0.561650 0.085600 0.117476
0 0.888400 0.390777 0.084000 0.111650
0 0.759200 0.891748 0.067200 0.090291
0 0.834400 0.789320 0.076800 0.077670
0 0.875600 0.871845 0.109600 0.141748
0 0.935600 0.750971 0.058400 0.092233
0 0.879200 0.150485 0.097600 0.081553
0 0.477200 0.940777 0.047200 0.052427
0 0.128800 0.189320 0.040000 0.044660
0 0.456800 0.294660 0.033600 0.066990
0 0.704800 0.406796 0.089600 0.058252
0 0.728400 0.478155 0.055200 0.072816
