0 0.075200 0.786893 0.049600 0.051456
0 0.245600 0.783495 0.084800 0.099029
0 0.171600 0.682039 0.055200 0.065049
0 0.081200 0.622816 0.039200 0.039806
0 0.057200 0.549515 0.085600 0.040777
0 0.157200 0.553398 0.085600 0.093204
0 0.320800 0.561650 0.062400 0.096117
0 0.371600 0.591262 0.048800 0.052427
0 0.051600 0.440777 0.087200 0.060194
0 0.162000 0.395631 0.077600 0.066990
0 0.202400 0.318447 0.056000 0.052427
0 0.391200 0.344175 0.084800 0.098058
0 0.424000 0.433010 0.121600 0.128155
0 0.494800 0.504854 0.076000 0.097087
0 0.602000 0.546602 0.076000 0.079612
0 0.655600 0.522816 0.117600 0.189320
0 0.750000 0.476214 0.095200 0.076699
0 0.578000 0.409223 0.108000 0.123301
0 0.512000 0.283981 0.052800 0.066990
0 0.685200 0.254854 0.088800 0.094175
0 0.736800 0.334466 0.078400 0.111650
0 0.891200 0.313107 0.086400 0.086408
0 0.810800 0.155825 0.098400 0.072816
0 0.710000 0.031553 0.096800 0.061165
0 0.570800 0.039806 0.058400 0.052427
0 0.790000 0.059709 0.132000 0.094175
0 0.872400 0.053398 0.048800 0.071845
0 0.930800 0.416990 0.053600 0.092233
0 0.832800 0.544175 0.076800 0.103883
0 0.927200 0.797087 0.107200 0.141748
0 0.540000 0.616019 0.081600 0.078641
0 0.500800 0.970874 0.084800 0.048544
0 0.726400 0.984951 0.051200 0.030097
