0 0.145200 0.050000 0.103200 0.098058
0 0.177600 0.141748 0.062400 0.108738
0 0.243200 0.136893 0.075200 0.087379
0 0.283200 0.034466 0.088000 0.066990
0 0.366800 0.128641 0.119200 0.131068
0 0.354400 0.223786 0.078400 0.051456
0 0.196400 0.294660 0.076000 0.090291
0 0.096000 0.312136 0.094400 0.138835
0 0.018000 0.463592 0.034400 0.107767
0 0.177600 0.592718 0.052800 0.063107
0 0.502000 0.508252 0.056800 0.066990
0 0.665600 0.671845 0.076800 0.081553
0 0.676800 0.601942 0.076800 0.077670
0 0.660400 0.452427 0.056800 0.060194
0 0.672000 0.361165 0.052800 0.079612
0 0.670800 0.274757 0.072800 0.097087
0 0.630400 0.177670 0.096000 0.118447
0 0.849200 0.174272 0.112800 0.119417
0 0.917200 0.098058 0.087200 0.079612
0 0.959200 0.044175 0.078400 0.086408
0 0.979600 0.166019 0.040800 0.050485
0 0.902800 0.352427 0.084000 0.102913
0 0.857200 0.338350 0.090400 0.068932
0 0.858800 0.524757 0.037600 0.039806
0 0.495200 0.307282 0.092800 0.076699
0 0.388000 0.298058 0.060800 0.073786
0 0.366800 0.379612 0.044000 0.052427
0 0.428800 0.565049 0.056000 0.060194
0 0.458400 0.030583 0.081600 0.059223
0 0.542000 0.047573 0.087200 0.083495
0 0.579600 0.016019 0.066400 0.030097
