0 0.109600 0.903883 0.104000 0.087379
0 0.164800 0.868447 0.068800 0.068932
0 0.227200 0.826699 0.049600 0.057282
0 0.756000 0.774757 0.057600 0.073786
0 0.814000 0.782524 0.068000 0.085437
0 0.860400 0.712621 0.103200 0.114563
0 0.912000 0.665049 0.056000 0.060194
0 0.953600 0.679612 0.049600 0.062136
0 0.919600 0.591748 0.093600 0.094175
0 0.847200 0.518932 0.067200 0.072816
0 0.848800 0.473786 0.046400 0.048544
0 0.986800 0.539320 0.026400 0.063107
0 0.243200 0.379126 0.086400 0.082524
0 0.276000 0.433010 0.084800 0.066019
0 0.397200 0.417961 0.042400 0.053398
0 0.395600 0.493689 0.055200 0.049515
0 0.127200 0.563592 0.065600 0.082524
0 0.073200 0.558738 0.074400 0.076699
0 0.123600 0.322330 0.082400 0.046602
0 0.202400 0.253883 0.057600 0.053398
0 0.022000 0.326699 0.042400 0.026214
0 0.434800 0.634466 0.084000 0.068932
0 0.508800 0.592233 0.073600 0.075728
0 0.455200 0.491262 0.056000 0.075728
