0 0.151200 0.271359 0.040000 0.030097
0 0.253200 0.204854 0.042400 0.052427
0 0.405200 0.196117 0.063200 0.058252
0 0.440400 0.217961 0.056800 0.059223
0 0.489200 0.214078 0.044000 0.051456
0 0.570800 0.266505 0.061600 0.061165
0 0.321600 0.377670 0.118400 0.120388
0 0.408800 0.435922 0.096000 0.133981
0 0.540400 0.489806 0.093600 0.101942
0 0.583200 0.463592 0.072000 0.082524
0 0.608400 0.523301 0.064800 0.062136
0 0.565200 0.626699 0.072800 0.063107
0 0.596800 0.713107 0.064000 0.070874
0 0.539600 0.700971 0.052000 0.069903
0 0.355200 0.682524 0.091200 0.106796
0 0.161600 0.550000 0.083200 0.063107
0 0.084000 0.557767 0.067200 0.043689
0 0.064000 0.504369 0.064000 0.072816
0 0.698800 0.847087 0.082400 0.105825
0 0.777600 0.692233 0.060800 0.067961
0 0.804400 0.624757 0.117600 0.086408
0 0.876400 0.493689 0.103200 0.119417
0 0.848400 0.562621 0.072800 0.053398
0 0.704800 0.373786 0.081600 0.112621
0 0.772000 0.321359 0.099200 0.093204
0 0.960800 0.377184 0.078400 0.111650
0 0.966400 0.538350 0.067200 0.125243
0 0.585600 0.332039 0.080000 0.060194
0 0.458400 0.346117 0.052800 0.030097
0 0.977200 0.204854 0.045600 0.069903
