0 0.044800 0.408738 0.088000 0.087379
0 0.053600 0.493689 0.105600 0.111650
0 0.188800 0.570874 0.132800 0.178641
0 0.188800 0.459709 0.107200 0.094175
0 0.338400 0.524757 0.094400 0.063107
0 0.281200 0.585922 0.090400 0.082524
0 0.309600 0.326214 0.092800 0.091262
0 0.473200 0.229612 0.077600 0.066990
0 0.523600 0.129612 0.064800 0.053398
0 0.425200 0.366019 0.079200 0.056311
0 0.412400 0.424272 0.058400 0.052427
0 0.499600 0.380583 0.085600 0.085437
0 0.507600 0.304854 0.053600 0.052427
0 0.457600 0.810680 0.094400 0.126214
0 0.475200 0.585922 0.072000 0.096117
0 0.747200 0.727670 0.083200 0.096117
0 0.766000 0.532039 0.109600 0.122330
0 0.746000 0.616990 0.061600 0.080583
0 0.935600 0.470874 0.085600 0.099029
0 0.944000 0.578155 0.057600 0.084466
0 0.768000 0.450485 0.049600 0.050485
0 0.882000 0.307282 0.098400 0.090291
0 0.963600 0.185437 0.064800 0.100971
0 0.838400 0.774757 0.046400 0.062136
