0 0.244400 0.329126 0.100000 0.081553
0 0.180000 0.268932 0.080000 0.050485
0 0.380400 0.364078 0.104800 0.110680
0 0.496000 0.281068 0.089600 0.094175
0 0.372800 0.183981 0.052800 0.033981
0 0.204400 0.563107 0.116000 0.100971
0 0.329600 0.644660 0.059200 0.073786
0 0.302000 0.556796 0.066400 0.105825
0 0.556800 0.666505 0.100800 0.086408
0 0.587200 0.478641 0.129600 0.089320
0 0.528800 0.434466 0.088000 0.076699
0 0.470400 0.414563 0.065600 0.062136
0 0.488800 0.496117 0.043200 0.054369
0 0.468800 0.594660 0.044800 0.076699
0 0.801200 0.738835 0.080800 0.104854
0 0.774800 0.673786 0.074400 0.083495
0 0.792400 0.484951 0.080800 0.070874
0 0.779200 0.239320 0.121600 0.094175
0 0.841600 0.397087 0.073600 0.073786
0 0.738000 0.382039 0.061600 0.045631
0 0.635200 0.320874 0.072000 0.086408
0 0.972000 0.421845 0.056000 0.164078
0 0.920800 0.438350 0.091200 0.146602
0 0.262000 0.743689 0.058400 0.040777
0 0.170800 0.118447 0.088800 0.050485
0 0.162000 0.201942 0.074400 0.054369
0 0.161200 0.058252 0.133600 0.093204
0 0.930400 0.575243 0.065600 0.123301
0 0.150400 0.470874 0.076800 0.122330
