0 0.027200 0.718932 0.052800 0.142718
0 0.076400 0.543689 0.101600 0.104854
0 0.070800 0.454369 0.085600 0.079612
0 0.012800 0.418932 0.024000 0.082524
0 0.241200 0.300971 0.101600 0.083495
0 0.130400 0.209709 0.072000 0.044660
0 0.105200 0.274272 0.060000 0.086408
0 0.418000 0.253398 0.079200 0.083495
0 0.357600 0.329126 0.057600 0.048544
0 0.574400 0.221359 0.075200 0.093204
0 0.576000 0.144175 0.046400 0.053398
0 0.365200 0.164078 0.082400 0.044660
0 0.384400 0.716990 0.098400 0.144660
0 0.554000 0.790777 0.100000 0.127184
0 0.542800 0.666990 0.080800 0.104854
0 0.857200 0.633495 0.053600 0.063107
0 0.714800 0.431068 0.079200 0.085437
0 0.774400 0.433981 0.076800 0.112621
0 0.844000 0.491262 0.048000 0.075728
0 0.961200 0.571845 0.077600 0.124272
0 0.938000 0.432524 0.111200 0.127184
0 0.715600 0.322816 0.080800 0.103883
0 0.778800 0.325243 0.071200 0.102913
0 0.822800 0.244175 0.101600 0.082524
0 0.919600 0.215049 0.056800 0.061165
0 0.720000 0.123786 0.041600 0.059223
0 0.923600 0.075243 0.109600 0.131068
0 0.285200 0.507282 0.034400 0.049515
0 0.615600 0.496117 0.090400 0.069903
