0 0.022000 0.309709 0.042400 0.069903
0 0.060800 0.354369 0.076800 0.081553
0 0.012000 0.361650 0.022400 0.055340
0 0.048000 0.447087 0.094400 0.098058
0 0.083600 0.627184 0.088800 0.100971
0 0.180000 0.554369 0.083200 0.091262
0 0.180800 0.642233 0.059200 0.068932
0 0.209200 0.389806 0.072800 0.061165
0 0.651200 0.707767 0.088000 0.106796
0 0.420800 0.591262 0.081600 0.077670
0 0.415600 0.523301 0.060000 0.058252
0 0.504400 0.666990 0.058400 0.040777
0 0.519600 0.466990 0.050400 0.067961
0 0.390800 0.455825 0.061600 0.066990
0 0.287600 0.365049 0.098400 0.114563
0 0.360000 0.348544 0.057600 0.058252
0 0.314800 0.311650 0.071200 0.044660
0 0.395200 0.241262 0.081600 0.049515
0 0.520000 0.219903 0.102400 0.082524
0 0.462400 0.124272 0.092800 0.108738
0 0.573600 0.058738 0.064000 0.100000
0 0.702800 0.153883 0.090400 0.101942
0 0.664400 0.271359 0.056800 0.051456
0 0.684000 0.395146 0.081600 0.091262
0 0.690800 0.466990 0.064800 0.075728
0 0.619600 0.465534 0.058400 0.103883
0 0.212400 0.203398 0.090400 0.098058
0 0.138400 0.211165 0.073600 0.039806
0 0.754800 0.538835 0.082400 0.071845
0 0.783600 0.593689 0.052000 0.092233
0 0.817200 0.449029 0.071200 0.080583
0 0.820400 0.244660 0.055200 0.159223
0 0.860400 0.109223 0.093600 0.117476
0 0.831600 0.031068 0.064800 0.060194
0 0.974400 0.036893 0.051200 0.071845
0 0.952800 0.525728 0.038400 0.059223
0 0.870400 0.438835 0.027200 0.056311
0 0.906800 0.655340 0.050400 0.062136
0 0.592400 0.622330 0.034400 0.050485
