0 0.035200 0.074757 0.068800 0.083495
0 0.254000 0.132524 0.069600 0.088350
0 0.072800 0.258738 0.076800 0.100000
0 0.282400 0.249029 0.054400 0.049515
0 0.417200 0.266019 0.085600 0.077670
0 0.414000 0.368932 0.098400 0.122330
0 0.258000 0.376699 0.090400 0.102913
0 0.417600 0.094175 0.088000 0.089320
0 0.608000 0.174757 0.089600 0.087379
0 0.676800 0.253398 0.062400 0.091262
0 0.742000 0.166505 0.048800 0.061165
0 0.810400 0.194660 0.076800 0.070874
0 0.879600 0.432524 0.076000 0.105825
0 0.833200 0.445631 0.056800 0.067961
0 0.658800 0.378641 0.084000 0.095146
0 0.638000 0.401456 0.076000 0.080583
0 0.715200 0.413592 0.068800 0.075728
0 0.762800 0.418932 0.058400 0.068932
0 0.905200 0.366990 0.066400 0.050485
0 0.964000 0.039320 0.072000 0.059223
0 0.934000 0.100000 0.040800 0.044660
0 0.880800 0.173301 0.081600 0.082524
0 0.681200 0.010680 0.076000 0.019417
0 0.481600 0.670388 0.081600 0.078641
0 0.348400 0.581068 0.074400 0.094175
0 0.192000 0.528641 0.062400 0.066990
0 0.159200 0.510680 0.064000 0.075728
0 0.059600 0.525243 0.053600 0.067961
0 0.025200 0.568932 0.048800 0.056311
0 0.009200 0.479126 0.016800 0.094175
0 0.057200 0.326699 0.071200 0.072816
0 0.056400 0.394175 0.052000 0.040777
0 0.377600 0.211165 0.046400 0.074757
0 0.513600 0.305340 0.049600 0.061165
0 0.064000 0.717476 0.076800 0.069903
0 0.037200 0.750971 0.072800 0.076699
0 0.975600 0.880097 0.048800 0.061165
0 0.974800 0.521359 0.050400 0.066019
