0 0.260400 0.547573 0.104800 0.097087
0 0.197600 0.638350 0.078400 0.096117
0 0.326800 0.475728 0.053600 0.058252
0 0.414000 0.464563 0.052000 0.061165
0 0.552000 0.496602 0.056000 0.072816
0 0.585600 0.560194 0.064000 0.044660
0 0.548800 0.770874 0.083200 0.091262
0 0.573200 0.719417 0.072800 0.075728
0 0.697600 0.601456 0.044800 0.055340
0 0.468400 0.408738 0.044000 0.073786
0 0.514800 0.414563 0.040800 0.034951
0 0.114000 0.477670 0.106400 0.104854
0 0.176800 0.445631 0.102400 0.075728
0 0.140000 0.341748 0.048000 0.066019
0 0.292000 0.269903 0.059200 0.048544
0 0.260800 0.310680 0.086400 0.073786
0 0.240400 0.350485 0.052000 0.034951
0 0.371600 0.332524 0.076000 0.074757
0 0.477200 0.318447 0.069600 0.075728
0 0.417200 0.280583 0.076000 0.075728
0 0.635600 0.290777 0.084000 0.105825
0 0.375600 0.291748 0.077600 0.080583
0 0.648000 0.405340 0.054400 0.051456
0 0.557200 0.112621 0.095200 0.099029
0 0.520000 0.194175 0.062400 0.060194
0 0.454400 0.102913 0.080000 0.097087
0 0.273600 0.178641 0.060800 0.067961
0 0.375600 0.169903 0.060000 0.050485
0 0.799600 0.753398 0.103200 0.116505
0 0.884400 0.752913 0.060000 0.111650
0 0.748800 0.679126 0.081600 0.111650
0 0.787200 0.589320 0.062400 0.071845
0 0.750400 0.508252 0.067200 0.105825
0 0.780800 0.389806 0.110400 0.119417
0 0.826000 0.341262 0.108000 0.113592
0 0.953600 0.294175 0.092800 0.099029
0 0.834800 0.063107 0.084000 0.100971
0 0.793600 0.243689 0.048000 0.110680
0 0.731200 0.171359 0.065600 0.063107
0 0.726800 0.254369 0.068000 0.085437
0 0.724000 0.321845 0.083200 0.082524
0 0.910000 0.650000 0.052000 0.068932
0 0.102400 0.825243 0.056000 0.054369
0 0.025600 0.615534 0.049600 0.089320
