0 0.077200 0.776699 0.152800 0.302913
0 0.459600 0.697573 0.077600 0.074757
0 0.668800 0.728155 0.088000 0.097087
0 0.630400 0.498058 0.067200 0.064078
0 0.618000 0.633495 0.061600 0.066990
0 0.522800 0.392718 0.082400 0.103883
0 0.309600 0.231553 0.088000 0.080583
0 0.462400 0.060194 0.078400 0.066019
0 0.532800 0.042233 0.113600 0.082524
0 0.818800 0.119417 0.076000 0.118447
0 0.836800 0.328641 0.084800 0.101942
0 0.827600 0.393689 0.077600 0.059223
0 0.703200 0.339806 0.099200 0.161165
0 0.604800 0.191748 0.086400 0.111650
0 0.695600 0.172816 0.103200 0.073786
0 0.280400 0.184951 0.085600 0.061165
0 0.138800 0.185437 0.079200 0.067961
0 0.162400 0.513107 0.081600 0.098058
0 0.288800 0.385922 0.076800 0.068932
0 0.391600 0.335922 0.058400 0.060194
0 0.359600 0.268932 0.076000 0.091262
0 0.806400 0.474272 0.040000 0.076699
0 0.776000 0.032039 0.067200 0.062136
0 0.459200 0.637379 0.065600 0.061165
0 0.466400 0.493689 0.073600 0.068932
0 0.040000 0.987379 0.078400 0.025243
0 0.765600 0.600485 0.035200 0.043689
