0 0.092800 0.274272 0.094400 0.086408
0 0.042800 0.316505 0.084000 0.102913
0 0.120400 0.468932 0.109600 0.122330
0 0.318000 0.316019 0.093600 0.121359
0 0.393200 0.384466 0.114400 0.099029
0 0.576800 0.243689 0.099200 0.089320
0 0.510400 0.223301 0.062400 0.067961
0 0.520000 0.607767 0.083200 0.155340
0 0.490400 0.853883 0.052800 0.068932
0 0.444400 0.961650 0.079200 0.076699
0 0.676400 0.785922 0.066400 0.096117
0 0.754400 0.870874 0.081600 0.104854
0 0.746000 0.585437 0.117600 0.091262
0 0.692800 0.481553 0.075200 0.132039
0 0.888000 0.434951 0.132800 0.137864
0 0.978000 0.492233 0.044000 0.132039
0 0.738400 0.187864 0.083200 0.154369
0 0.836000 0.182524 0.094400 0.116505
0 0.937200 0.228641 0.085600 0.078641
0 0.179200 0.709709 0.113600 0.102913
0 0.287200 0.784466 0.084800 0.085437
0 0.306000 0.716990 0.072800 0.063107
0 0.248400 0.616505 0.058400 0.097087
0 0.390000 0.582524 0.077600 0.108738
0 0.450000 0.451456 0.087200 0.077670
0 0.366400 0.463107 0.089600 0.083495
0 0.462400 0.531553 0.102400 0.109709
0 0.019600 0.486893 0.037600 0.070874
