0 0.076400 0.777670 0.066400 0.085437
0 0.017200 0.693204 0.032800 0.058252
0 0.042400 0.220388 0.080000 0.064078
0 0.120000 0.183010 0.099200 0.074757
0 0.104800 0.360680 0.091200 0.088350
0 0.094800 0.281068 0.055200 0.053398
0 0.270400 0.427670 0.054400 0.045631
0 0.182000 0.447087 0.087200 0.121359
0 0.389600 0.387379 0.068800 0.064078
0 0.544000 0.149515 0.064000 0.067961
0 0.521200 0.378641 0.092000 0.100971
0 0.450800 0.552427 0.080800 0.114563
0 0.443600 0.798058 0.112800 0.124272
0 0.421200 0.718447 0.056800 0.054369
0 0.521200 0.695631 0.048800 0.066990
0 0.605600 0.544175 0.225600 0.286408
0 0.655600 0.734466 0.088800 0.129126
0 0.779600 0.751456 0.178400 0.223301
0 0.868800 0.876214 0.176000 0.243689
0 0.972800 0.706796 0.054400 0.089320
0 0.766000 0.364078 0.152800 0.143689
0 0.725200 0.278155 0.085600 0.074757
0 0.788800 0.192718 0.086400 0.090291
0 0.829200 0.242718 0.108000 0.075728
0 0.691600 0.148058 0.040800 0.053398
0 0.829600 0.092233 0.044800 0.033010
0 0.942800 0.030583 0.085600 0.059223
0 0.218800 0.760680 0.090400 0.105825
0 0.281200 0.732524 0.095200 0.086408
0 0.460800 0.445631 0.056000 0.052427
0 0.178000 0.546602 0.061600 0.085437
0 0.953600 0.643204 0.046400 0.059223
0 0.832400 0.514563 0.050400 0.046602
