0 0.026800 0.666019 0.052000 0.056311
0 0.028800 0.604854 0.056000 0.071845
0 0.070000 0.561165 0.106400 0.071845
0 0.131600 0.591262 0.048800 0.046602
0 0.279600 0.523301 0.080800 0.079612
0 0.131200 0.531553 0.070400 0.057282
0 0.095600 0.473301 0.072800 0.057282
0 0.058400 0.370388 0.105600 0.051456
0 0.122400 0.420874 0.062400 0.057282
0 0.150400 0.253883 0.070400 0.045631
0 0.302800 0.232524 0.060000 0.043689
0 0.266800 0.435437 0.061600 0.066990
0 0.628400 0.656311 0.085600 0.079612
0 0.632400 0.541748 0.103200 0.067961
0 0.538000 0.637379 0.071200 0.092233
0 0.434400 0.555825 0.056000 0.051456
0 0.467200 0.633495 0.048000 0.082524
0 0.495200 0.549515 0.064000 0.087379
0 0.323600 0.705340 0.066400 0.066990
0 0.860800 0.835922 0.049600 0.066019
0 0.735200 0.714563 0.075200 0.106796
0 0.751200 0.590291 0.086400 0.137864
0 0.870800 0.548544 0.055200 0.126214
0 0.933200 0.678155 0.039200 0.086408
0 0.972000 0.564078 0.056000 0.081553
0 0.989200 0.687379 0.021600 0.054369
0 0.954000 0.409223 0.087200 0.086408
0 0.875600 0.333981 0.058400 0.048544
0 0.862800 0.392233 0.068000 0.066019
0 0.731200 0.398544 0.072000 0.080583
0 0.025600 0.837864 0.049600 0.044660
0 0.407600 0.360680 0.023200 0.041748
0 0.370400 0.559223 0.030400 0.036893
0 0.347200 0.506311 0.043200 0.039806
