0 0.013600 0.067476 0.025600 0.059223
0 0.149200 0.094175 0.093600 0.116505
0 0.047200 0.221845 0.081600 0.107767
0 0.124400 0.260680 0.090400 0.053398
0 0.246800 0.269417 0.095200 0.103883
0 0.119200 0.379126 0.088000 0.076699
0 0.050000 0.384951 0.061600 0.068932
0 0.148000 0.552427 0.060800 0.058252
0 0.186400 0.698058 0.068800 0.069903
0 0.251200 0.645631 0.064000 0.081553
0 0.438400 0.426699 0.076800 0.092233
0 0.370400 0.419417 0.041600 0.067961
0 0.752400 0.587379 0.127200 0.143689
0 0.750800 0.393204 0.090400 0.089320
0 0.660800 0.326699 0.064000 0.055340
0 0.629600 0.231068 0.080000 0.083495
0 0.705600 0.216505 0.076800 0.081553
0 0.766000 0.256796 0.074400 0.072816
0 0.951600 0.265049 0.095200 0.124272
0 0.546800 0.033495 0.088800 0.065049
0 0.494000 0.152913 0.068000 0.082524
0 0.448800 0.206796 0.060800 0.069903
0 0.462400 0.288835 0.099200 0.117476
0 0.561200 0.387379 0.036000 0.036893
0 0.975200 0.654854 0.049600 0.117476
