0 0.038000 0.077670 0.074400 0.046602
0 0.042800 0.139320 0.084000 0.076699
0 0.229600 0.221359 0.113600 0.104854
0 0.135200 0.231068 0.123200 0.153398
0 0.292000 0.056796 0.056000 0.059223
0 0.349200 0.317961 0.128800 0.136893
0 0.414800 0.283010 0.082400 0.043689
0 0.417200 0.390291 0.077600 0.066019
0 0.536000 0.319903 0.088000 0.092233
0 0.466400 0.336408 0.075200 0.080583
0 0.551600 0.462136 0.071200 0.083495
0 0.608800 0.579612 0.099200 0.137864
0 0.427200 0.683010 0.083200 0.111650
0 0.610000 0.734951 0.058400 0.073786
0 0.964400 0.598058 0.071200 0.091262
0 0.982000 0.441748 0.036000 0.100971
0 0.929600 0.369417 0.091200 0.103883
0 0.758400 0.315534 0.094400 0.077670
0 0.616000 0.134951 0.070400 0.071845
0 0.607600 0.210194 0.109600 0.080583
0 0.518000 0.136893 0.077600 0.056311
0 0.972000 0.088350 0.056000 0.133981
0 0.866400 0.089806 0.065600 0.063107
0 0.667200 0.111650 0.057600 0.071845
0 0.713600 0.083981 0.059200 0.084466
0 0.124400 0.394175 0.069600 0.060194
0 0.301600 0.428155 0.057600 0.052427
