0 0.167600 0.774272 0.087200 0.092233
0 0.326000 0.526699 0.090400 0.074757
0 0.287600 0.451942 0.063200 0.065049
0 0.281600 0.410194 0.080000 0.049515
0 0.206400 0.438350 0.052800 0.035922
0 0.155600 0.347573 0.096800 0.097087
0 0.210800 0.349515 0.039200 0.058252
0 0.244800 0.357282 0.032000 0.027184
0 0.268000 0.230097 0.048000 0.058252
0 0.385600 0.232524 0.067200 0.084466
0 0.161600 0.150000 0.073600 0.045631
0 0.065600 0.309709 0.051200 0.052427
0 0.038800 0.417476 0.076000 0.085437
0 0.025200 0.488835 0.048800 0.053398
0 0.110000 0.465534 0.079200 0.076699
0 0.141200 0.511165 0.108000 0.094175
0 0.204800 0.507767 0.060800 0.048544
0 0.211200 0.582039 0.084800 0.117476
0 0.017600 0.653398 0.033600 0.058252
0 0.030000 0.587864 0.055200 0.063107
0 0.080000 0.567476 0.046400 0.084466
0 0.373200 0.589320 0.060000 0.095146
0 0.436400 0.539320 0.088800 0.057282
0 0.514400 0.618932 0.088000 0.098058
0 0.592800 0.645631 0.072000 0.083495
0 0.561200 0.475243 0.082400 0.080583
0 0.539600 0.534466 0.055200 0.043689
0 0.546800 0.396602 0.080800 0.078641
0 0.660400 0.497573 0.061600 0.158252
0 0.740000 0.634466 0.126400 0.173786
0 0.849600 0.622330 0.129600 0.139806
0 0.946000 0.689320 0.066400 0.071845
0 0.456800 0.145146 0.057600 0.051456
0 0.475200 0.220388 0.062400 0.064078
0 0.479200 0.272816 0.088000 0.060194
0 0.634000 0.234951 0.031200 0.029126
0 0.847200 0.181068 0.078400 0.094175
0 0.913200 0.221359 0.045600 0.048544
0 0.771600 0.098058 0.028000 0.034951
0 0.734000 0.384466 0.092000 0.100971
0 0.818800 0.376699 0.076000 0.128155
0 0.899200 0.420874 0.088000 0.150485
0 0.944800 0.331068 0.108800 0.124272
0 0.971200 0.493204 0.057600 0.044660
0 0.990000 0.169903 0.020000 0.069903
0 0.985200 0.053883 0.029600 0.078641
0 0.104000 0.624757 0.036800 0.045631
0 0.157600 0.567476 0.030400 0.035922
0 0.816000 0.275243 0.041600 0.039806
0 0.446000 0.746117 0.032800 0.033981
0 0.298800 0.601456 0.058400 0.033981
0 0.371600 0.703398 0.028000 0.024272
0 0.020800 0.299515 0.035200 0.033981
0 0.446400 0.387379 0.057600 0.046602
0 0.386000 0.414563 0.076000 0.048544
0 0.416400 0.442233 0.055200 0.030097
0 0.396800 0.361165 0.054400 0.036893
