0 0.492000 0.841262 0.084800 0.098058
0 0.710400 0.679126 0.096000 0.119417
0 0.898000 0.805340 0.079200 0.092233
0 0.812000 0.861650 0.060800 0.057282
0 0.701600 0.406796 0.059200 0.106796
0 0.535200 0.337379 0.092800 0.088350
0 0.598400 0.350971 0.064000 0.070874
0 0.516400 0.267476 0.055200 0.041748
0 0.461200 0.192718 0.074400 0.066990
0 0.446400 0.405340 0.068800 0.084466
0 0.457600 0.316505 0.073600 0.081553
0 0.753600 0.165534 0.068800 0.053398
0 0.909200 0.297573 0.096800 0.098058
0 0.876400 0.148544 0.039200 0.060194
0 0.064800 0.159709 0.105600 0.094175
0 0.183600 0.121359 0.074400 0.095146
0 0.257600 0.148544 0.088000 0.091262
0 0.054000 0.259223 0.056800 0.048544
0 0.214000 0.292718 0.071200 0.057282
0 0.142000 0.355340 0.159200 0.132039
0 0.300800 0.254369 0.080000 0.062136
0 0.095600 0.668447 0.103200 0.076699
0 0.030800 0.669417 0.060000 0.092233
0 0.200400 0.503398 0.064800 0.061165
0 0.038400 0.483495 0.075200 0.116505
0 0.377600 0.640777 0.088000 0.114563
0 0.392400 0.564078 0.072800 0.112621
