0 0.025600 0.288835 0.048000 0.047573
0 0.124400 0.310680 0.088800 0.079612
0 0.204000 0.344660 0.089600 0.089320
0 0.354400 0.282039 0.108800 0.072816
0 0.445600 0.409223 0.155200 0.131068
0 0.244400 0.516019 0.052000 0.045631
0 0.094400 0.556311 0.105600 0.095146
0 0.150000 0.521359 0.050400 0.034951
0 0.196400 0.575243 0.060000 0.065049
0 0.250000 0.574272 0.047200 0.035922
0 0.461200 0.569903 0.084000 0.102913
0 0.468800 0.666990 0.088000 0.112621
0 0.232400 0.731068 0.058400 0.056311
0 0.283600 0.810194 0.101600 0.115534
0 0.037600 0.746602 0.065600 0.071845
0 0.594000 0.866505 0.063200 0.092233
0 0.545200 0.967961 0.074400 0.064078
0 0.536400 0.582039 0.080800 0.090291
0 0.538000 0.678641 0.072800 0.077670
0 0.597600 0.556796 0.056000 0.049515
0 0.733200 0.538350 0.077600 0.090291
0 0.547600 0.423786 0.074400 0.059223
0 0.723600 0.235437 0.082400 0.066990
0 0.504800 0.159709 0.089600 0.086408
0 0.562000 0.188350 0.063200 0.048544
0 0.829600 0.100971 0.104000 0.120388
0 0.943600 0.330583 0.112800 0.179612
0 0.848000 0.510680 0.153600 0.145631
0 0.776800 0.402913 0.068800 0.058252
0 0.728400 0.468932 0.042400 0.052427
0 0.826000 0.651456 0.037600 0.040777
0 0.680400 0.628641 0.056800 0.076699
0 0.205600 0.792718 0.041600 0.041748
