0 0.398800 0.917476 0.080800 0.091262
0 0.385600 0.783495 0.078400 0.110680
0 0.103200 0.726214 0.091200 0.143689
0 0.049600 0.621845 0.072000 0.107767
0 0.319200 0.542233 0.104000 0.125243
0 0.298800 0.421359 0.168800 0.133981
0 0.616800 0.498058 0.107200 0.100971
0 0.548000 0.484951 0.043200 0.086408
0 0.703200 0.373786 0.123200 0.130097
0 0.817600 0.342233 0.121600 0.193204
0 0.543600 0.379126 0.100000 0.107767
0 0.616800 0.408252 0.091200 0.111650
0 0.409600 0.324757 0.099200 0.074757
0 0.225200 0.219903 0.151200 0.181553
0 0.082800 0.283010 0.111200 0.070874
0 0.115600 0.200971 0.090400 0.085437
0 0.066800 0.067476 0.132000 0.133010
0 0.268000 0.042718 0.107200 0.079612
0 0.333200 0.092718 0.103200 0.076699
0 0.470800 0.145631 0.077600 0.083495
0 0.636400 0.206311 0.100000 0.105825
0 0.847600 0.134466 0.146400 0.123301
0 0.742000 0.064078 0.100000 0.100971
0 0.837600 0.036893 0.150400 0.071845
0 0.927200 0.086893 0.128000 0.123301
0 0.918800 0.196117 0.128800 0.122330
0 0.472800 0.254369 0.072000 0.097087
