0 0.336400 0.816505 0.079200 0.155340
0 0.522400 0.869903 0.065600 0.089320
0 0.408400 0.737379 0.047200 0.088350
0 0.594400 0.727670 0.097600 0.103883
0 0.556800 0.598058 0.048000 0.106796
0 0.635200 0.572330 0.041600 0.047573
0 0.476400 0.474272 0.092000 0.138835
0 0.454000 0.633495 0.077600 0.119417
0 0.390000 0.584951 0.068000 0.088350
0 0.353600 0.516019 0.094400 0.197087
0 0.214000 0.495146 0.076000 0.046602
0 0.170400 0.702913 0.049600 0.038835
0 0.074000 0.620388 0.146400 0.151456
0 0.179200 0.339320 0.105600 0.133010
0 0.051200 0.379612 0.073600 0.118447
0 0.080000 0.179612 0.076800 0.093204
0 0.237600 0.169417 0.046400 0.066990
0 0.365600 0.145631 0.052800 0.069903
0 0.297600 0.209709 0.059200 0.079612
0 0.252000 0.279612 0.056000 0.064078
0 0.499200 0.180097 0.027200 0.088350
0 0.631600 0.321845 0.143200 0.115534
0 0.761600 0.214563 0.062400 0.062136
0 0.908000 0.160194 0.088000 0.104854
0 0.866800 0.344175 0.176800 0.189320
0 0.772400 0.445631 0.068000 0.122330
0 0.948400 0.528155 0.103200 0.166990
0 0.870000 0.654854 0.172000 0.136893
0 0.762000 0.631068 0.080800 0.106796
0 0.240800 0.055340 0.072000 0.079612
0 0.147600 0.222330 0.047200 0.052427
0 0.982400 0.030097 0.035200 0.058252
0 0.983200 0.361650 0.033600 0.039806
