0 0.694400 0.914563 0.139200 0.118447
0 0.731200 0.865534 0.084800 0.084466
0 0.843600 0.837379 0.109600 0.105825
0 0.540400 0.789806 0.077600 0.109709
0 0.527600 0.535922 0.103200 0.133981
0 0.490400 0.181553 0.081600 0.091262
0 0.848800 0.198058 0.123200 0.159223
0 0.854000 0.441748 0.183200 0.104854
0 0.658800 0.522816 0.058400 0.113592
0 0.731600 0.457282 0.106400 0.122330
0 0.974000 0.678641 0.052000 0.130097
0 0.772800 0.551942 0.148800 0.144660
0 0.899200 0.350000 0.083200 0.082524
0 0.947200 0.305825 0.100800 0.075728
0 0.511600 0.269903 0.112800 0.100971
0 0.589200 0.079612 0.036000 0.087379
0 0.035600 0.246602 0.069600 0.091262
0 0.074400 0.402427 0.076800 0.066990
0 0.033200 0.491748 0.064800 0.074757
0 0.389600 0.435922 0.104000 0.104854
0 0.361200 0.496602 0.071200 0.115534
0 0.292400 0.632524 0.092000 0.121359
0 0.187200 0.438835 0.156800 0.165049
0 0.040800 0.745631 0.080000 0.108738
0 0.022400 0.677184 0.043200 0.094175
0 0.076800 0.778155 0.052800 0.092233
0 0.359200 0.705340 0.128000 0.222330
0 0.319200 0.257767 0.036800 0.032039
0 0.960400 0.093689 0.042400 0.057282
0 0.282400 0.042233 0.048000 0.059223
