0 0.108800 0.150485 0.035200 0.054369
0 0.142000 0.298058 0.095200 0.102913
0 0.311600 0.234951 0.066400 0.046602
0 0.011200 0.164078 0.020800 0.046602
0 0.488000 0.196117 0.056000 0.050485
0 0.495200 0.309709 0.062400 0.071845
0 0.262800 0.472330 0.066400 0.055340
0 0.313600 0.419417 0.025600 0.058252
0 0.371200 0.543204 0.072000 0.066990
0 0.407600 0.757767 0.074400 0.076699
0 0.304800 0.792718 0.049600 0.066990
0 0.554800 0.678641 0.039200 0.056311
0 0.626400 0.634466 0.044800 0.065049
0 0.694000 0.647573 0.090400 0.114563
0 0.784000 0.655340 0.072000 0.067961
0 0.821600 0.464563 0.105600 0.076699
0 0.874000 0.530097 0.087200 0.083495
0 0.640800 0.424757 0.076800 0.115534
0 0.673200 0.256311 0.076000 0.079612
0 0.841600 0.262621 0.076800 0.053398
0 0.940000 0.422816 0.120000 0.068932
0 0.972000 0.330583 0.056000 0.078641
0 0.959200 0.085437 0.081600 0.110680
0 0.131200 0.806311 0.078400 0.094175
0 0.044400 0.863107 0.061600 0.058252
