0 0.020800 0.029612 0.040000 0.057282
0 0.048400 0.118447 0.080800 0.122330
0 0.068000 0.219417 0.073600 0.058252
0 0.068400 0.327184 0.085600 0.100971
0 0.295200 0.367961 0.092800 0.104854
0 0.317200 0.556311 0.072800 0.099029
0 0.274400 0.533981 0.056000 0.083495
0 0.038400 0.472330 0.036800 0.072816
0 0.131600 0.505825 0.024800 0.029126
0 0.404800 0.552913 0.068800 0.080583
0 0.439600 0.616990 0.098400 0.068932
0 0.320800 0.219903 0.044800 0.065049
0 0.484000 0.083981 0.059200 0.051456
0 0.508400 0.173786 0.071200 0.083495
0 0.595600 0.182039 0.050400 0.045631
0 0.587600 0.250000 0.061600 0.074757
0 0.619200 0.413107 0.091200 0.084466
0 0.702800 0.327184 0.109600 0.091262
0 0.716400 0.170874 0.172000 0.137864
0 0.281200 0.038835 0.080800 0.073786
0 0.280800 0.209709 0.040000 0.040777
0 0.380000 0.416019 0.080000 0.065049
0 0.062400 0.397087 0.081600 0.056311
0 0.559600 0.891748 0.080800 0.107767
0 0.815600 0.769903 0.208800 0.194175
0 0.710800 0.844660 0.082400 0.108738
0 0.949600 0.633010 0.100800 0.108738
0 0.918800 0.470874 0.157600 0.172816
0 0.380800 0.689320 0.032000 0.069903
0 0.304800 0.677670 0.049600 0.048544
