0 0.166400 0.950000 0.136000 0.100000
0 0.681600 0.709223 0.161600 0.150485
0 0.868000 0.739806 0.184000 0.165049
0 0.844000 0.525728 0.124800 0.241748
0 0.923600 0.352427 0.125600 0.153398
0 0.821200 0.104854 0.122400 0.067961
0 0.737600 0.266019 0.126400 0.132039
0 0.538400 0.333010 0.102400 0.118447
0 0.496400 0.367961 0.108000 0.108738
0 0.536400 0.480097 0.124000 0.117476
0 0.458800 0.173301 0.128800 0.105825
0 0.301200 0.140777 0.120800 0.168932
0 0.321600 0.374757 0.078400 0.085437
0 0.280000 0.438350 0.108800 0.113592
0 0.324800 0.581068 0.177600 0.175728
0 0.185600 0.478641 0.168000 0.186408
0 0.113600 0.729612 0.225600 0.354369
0 0.012400 0.525243 0.023200 0.075728
0 0.038000 0.388350 0.074400 0.069903
0 0.039600 0.269903 0.077600 0.124272
