0 0.362800 0.583981 0.143200 0.187379
0 0.448800 0.620874 0.139200 0.181553
0 0.976800 0.817476 0.046400 0.120388
0 0.522400 0.500971 0.072000 0.079612
0 0.933600 0.134951 0.132800 0.139806
0 0.798800 0.139320 0.095200 0.129126
0 0.136000 0.167476 0.129600 0.189320
0 0.267200 0.261650 0.108800 0.098058
0 0.356000 0.223301 0.072000 0.095146
0 0.454000 0.266019 0.087200 0.083495
0 0.033600 0.331068 0.065600 0.097087
0 0.308000 0.395146 0.099200 0.124272
0 0.623600 0.433010 0.125600 0.190291
0 0.640000 0.280583 0.094400 0.100971
0 0.549600 0.295631 0.110400 0.115534
0 0.953200 0.287864 0.080800 0.070874
0 0.210000 0.066019 0.092000 0.073786
0 0.020400 0.522330 0.039200 0.058252
