0 0.547200 0.816505 0.115200 0.116505
0 0.777600 0.694175 0.112000 0.077670
0 0.138000 0.603398 0.117600 0.175728
0 0.234000 0.590777 0.096800 0.107767
0 0.599200 0.597573 0.131200 0.134951
0 0.978800 0.612136 0.042400 0.121359
0 0.798000 0.258738 0.130400 0.138835
0 0.354400 0.202427 0.156800 0.082524
0 0.322400 0.280583 0.100800 0.071845
0 0.126400 0.308252 0.110400 0.113592
0 0.036000 0.350000 0.056000 0.101942
0 0.190400 0.131553 0.094400 0.084466
0 0.470400 0.501456 0.123200 0.218447
0 0.585200 0.438350 0.096800 0.082524
0 0.898000 0.334951 0.068000 0.073786
0 0.828000 0.378641 0.073600 0.058252
0 0.368400 0.110194 0.077600 0.076699
0 0.453200 0.129126 0.074400 0.062136
0 0.462800 0.789806 0.050400 0.074757
0 0.516400 0.729612 0.039200 0.066990
0 0.112400 0.842233 0.047200 0.059223
0 0.282400 0.684951 0.041600 0.068932
0 0.754000 0.450000 0.042400 0.063107
