0 0.323600 0.408738 0.092000 0.110680
0 0.073200 0.117961 0.133600 0.107767
0 0.028400 0.622330 0.055200 0.087379
0 0.222000 0.522330 0.069600 0.058252
0 0.134400 0.420388 0.049600 0.054369
0 0.344000 0.533495 0.078400 0.111650
0 0.427200 0.543689 0.096000 0.087379
0 0.596400 0.520874 0.056800 0.066990
0 0.690000 0.599029 0.119200 0.120388
0 0.580000 0.351456 0.080000 0.095146
0 0.686800 0.277670 0.138400 0.120388
0 0.569600 0.235437 0.035200 0.039806
0 0.607200 0.954854 0.142400 0.090291
0 0.518400 0.886893 0.060800 0.066990
0 0.499200 0.586893 0.033600 0.045631
