0 0.106000 0.879126 0.176800 0.241748
0 0.052400 0.753883 0.103200 0.222330
0 0.217200 0.705340 0.082400 0.096117
0 0.190000 0.647573 0.058400 0.075728
0 0.507600 0.748058 0.093600 0.111650
0 0.346400 0.640777 0.068800 0.075728
0 0.429200 0.476214 0.077600 0.113592
0 0.290800 0.387379 0.085600 0.122330
0 0.038400 0.372330 0.075200 0.142718
0 0.034000 0.197573 0.066400 0.094175
0 0.065600 0.264563 0.113600 0.109709
0 0.374800 0.177670 0.055200 0.095146
0 0.493200 0.135922 0.093600 0.110680
0 0.529200 0.324757 0.101600 0.171845
0 0.648400 0.069903 0.072800 0.137864
0 0.797200 0.298544 0.120800 0.113592
0 0.804400 0.407282 0.072800 0.072816
0 0.859200 0.389806 0.054400 0.041748
0 0.649600 0.373786 0.094400 0.075728
0 0.718400 0.185437 0.057600 0.040777
0 0.174400 0.033010 0.089600 0.064078
0 0.812000 0.748058 0.105600 0.113592
0 0.939600 0.569903 0.090400 0.104854
0 0.971200 0.562621 0.057600 0.103883
0 0.986000 0.362621 0.028000 0.098058
