0 0.041600 0.753883 0.081600 0.136893
0 0.119600 0.750000 0.064800 0.111650
0 0.056000 0.371845 0.110400 0.163107
0 0.026400 0.279126 0.051200 0.086408
0 0.066000 0.057282 0.085600 0.093204
0 0.184400 0.299515 0.092000 0.103883
0 0.254800 0.172816 0.135200 0.126214
0 0.557200 0.465534 0.138400 0.224272
0 0.425600 0.475243 0.067200 0.066990
0 0.364000 0.437379 0.059200 0.103883
0 0.636400 0.827184 0.092000 0.099029
0 0.816000 0.566019 0.100800 0.091262
0 0.486800 0.182039 0.064800 0.068932
0 0.555600 0.166990 0.104800 0.097087
0 0.934000 0.534951 0.132000 0.194175
0 0.963200 0.221359 0.073600 0.116505
0 0.950800 0.374757 0.098400 0.172816
0 0.894000 0.055340 0.157600 0.108738
0 0.773600 0.174757 0.120000 0.165049
0 0.632400 0.231068 0.135200 0.155340
0 0.247600 0.426214 0.045600 0.071845
0 0.024000 0.587379 0.046400 0.062136
0 0.649200 0.935922 0.074400 0.064078
0 0.368400 0.968932 0.045600 0.058252
0 0.252000 0.624272 0.033600 0.048544
0 0.216000 0.518932 0.041600 0.078641
