0 0.262800 0.788835 0.103200 0.181553
0 0.371200 0.555340 0.112000 0.145631
0 0.505600 0.597573 0.105600 0.100000
0 0.060000 0.430583 0.118400 0.230097
0 0.225200 0.239320 0.084000 0.082524
0 0.144800 0.488835 0.070400 0.109709
0 0.371200 0.316505 0.083200 0.058252
0 0.493200 0.283010 0.101600 0.072816
0 0.695200 0.710194 0.075200 0.053398
0 0.875200 0.675728 0.105600 0.073786
0 0.523200 0.478155 0.144000 0.123301
0 0.847600 0.363592 0.144800 0.140777
0 0.895200 0.278641 0.137600 0.108738
0 0.971200 0.157282 0.057600 0.155340
0 0.932800 0.168932 0.056000 0.124272
0 0.591600 0.182039 0.106400 0.096117
0 0.320800 0.106796 0.107200 0.139806
0 0.240800 0.047087 0.080000 0.066990
0 0.215200 0.101456 0.102400 0.082524
0 0.059600 0.158252 0.082400 0.093204
0 0.171600 0.198058 0.058400 0.118447
0 0.824000 0.496117 0.076800 0.069903
0 0.468800 0.075728 0.105600 0.052427
0 0.133200 0.677184 0.044000 0.065049
0 0.192000 0.626214 0.038400 0.050485
