0 0.100000 0.437379 0.099200 0.107767
0 0.266800 0.478641 0.056800 0.067961
0 0.367600 0.513592 0.068000 0.083495
0 0.277600 0.841262 0.065600 0.088350
0 0.737600 0.116505 0.137600 0.122330
0 0.610000 0.140291 0.088800 0.109709
0 0.686400 0.177670 0.113600 0.075728
0 0.740400 0.252427 0.117600 0.108738
0 0.916800 0.248058 0.060800 0.123301
0 0.827600 0.248544 0.076000 0.066019
0 0.328800 0.191262 0.075200 0.077670
0 0.286400 0.241748 0.062400 0.087379
0 0.276400 0.106796 0.061600 0.093204
0 0.206800 0.037864 0.084000 0.060194
0 0.118800 0.163592 0.084000 0.092233
0 0.051600 0.192718 0.072800 0.070874
0 0.758000 0.716990 0.085600 0.080583
0 0.294800 0.415534 0.071200 0.087379
0 0.485200 0.435922 0.079200 0.081553
0 0.428800 0.447573 0.060800 0.079612
0 0.578400 0.456796 0.078400 0.101942
0 0.578000 0.351942 0.064800 0.066990
0 0.436800 0.161650 0.056000 0.061165
0 0.489600 0.152913 0.049600 0.065049
0 0.218400 0.534466 0.078400 0.088350
0 0.771600 0.864563 0.071200 0.070874
0 0.213600 0.880097 0.046400 0.055340
0 0.976800 0.077670 0.046400 0.075728
