0 0.027200 0.517476 0.052800 0.089320
0 0.013600 0.593689 0.025600 0.096117
0 0.012800 0.709223 0.024000 0.061165
0 0.170400 0.470874 0.086400 0.100971
0 0.118000 0.309709 0.093600 0.087379
0 0.240000 0.682039 0.057600 0.127184
0 0.070400 0.775243 0.049600 0.061165
0 0.300400 0.435922 0.087200 0.083495
0 0.348400 0.453883 0.082400 0.061165
0 0.422800 0.496602 0.173600 0.158252
0 0.194800 0.186408 0.056800 0.099029
0 0.253600 0.230097 0.076800 0.118447
0 0.581200 0.343689 0.085600 0.097087
0 0.380800 0.089320 0.068800 0.075728
0 0.737600 0.516505 0.105600 0.089320
0 0.862800 0.669417 0.098400 0.125243
0 0.904000 0.720874 0.067200 0.138835
0 0.977200 0.697573 0.045600 0.092233
0 0.920800 0.298544 0.097600 0.187379
0 0.973200 0.378155 0.053600 0.177670
0 0.578800 0.266019 0.053600 0.056311
0 0.679200 0.093689 0.084800 0.101942
0 0.300400 0.589320 0.047200 0.091262
