0 0.131200 0.666505 0.081600 0.076699
0 0.181600 0.616505 0.080000 0.071845
0 0.392800 0.713592 0.129600 0.172816
0 0.364400 0.625728 0.079200 0.068932
0 0.526000 0.633010 0.103200 0.095146
0 0.654400 0.510680 0.092800 0.093204
0 0.484800 0.404369 0.115200 0.065049
0 0.520400 0.314078 0.114400 0.092233
0 0.309600 0.172330 0.126400 0.160194
0 0.490400 0.186408 0.076800 0.062136
0 0.583200 0.201456 0.048000 0.041748
0 0.278400 0.318932 0.105600 0.078641
0 0.240000 0.272816 0.081600 0.060194
0 0.022800 0.390777 0.044000 0.088350
0 0.024400 0.113107 0.047200 0.074757
0 0.653200 0.065534 0.181600 0.129126
0 0.885600 0.535437 0.092800 0.119417
0 0.968400 0.551942 0.063200 0.100000
0 0.681600 0.389806 0.097600 0.084466
0 0.107200 0.368932 0.099200 0.077670
