0 0.559600 0.534466 0.141600 0.164078
0 0.409200 0.323301 0.124000 0.118447
0 0.273600 0.253398 0.099200 0.058252
0 0.138400 0.351942 0.088000 0.100000
0 0.084000 0.179126 0.115200 0.131068
0 0.150800 0.098544 0.092000 0.080583
0 0.192400 0.046602 0.079200 0.091262
0 0.232400 0.151942 0.093600 0.086408
0 0.312400 0.186893 0.095200 0.086408
0 0.770000 0.161650 0.124000 0.136893
0 0.644800 0.074272 0.184000 0.136893
0 0.889600 0.592718 0.056000 0.123301
0 0.940800 0.194175 0.064000 0.050485
0 0.877200 0.230097 0.071200 0.064078
0 0.962000 0.473301 0.056800 0.055340
0 0.286800 0.137864 0.066400 0.099029
0 0.765600 0.396602 0.086400 0.061165
0 0.638800 0.965049 0.087200 0.069903
