0 0.044000 0.473301 0.086400 0.131068
0 0.092400 0.377184 0.085600 0.103883
0 0.044000 0.299029 0.086400 0.077670
0 0.154400 0.191748 0.112000 0.080583
0 0.312800 0.165534 0.088000 0.125243
0 0.396000 0.377184 0.097600 0.127184
0 0.310800 0.468932 0.112800 0.139806
0 0.233200 0.720388 0.093600 0.147573
0 0.152000 0.733981 0.059200 0.099029
0 0.691200 0.669903 0.112000 0.110680
0 0.647200 0.585922 0.073600 0.096117
0 0.675600 0.513107 0.087200 0.103883
0 0.645200 0.285437 0.101600 0.108738
0 0.576400 0.366990 0.056800 0.067961
0 0.762400 0.072816 0.108800 0.139806
0 0.936800 0.188835 0.126400 0.109709
0 0.920400 0.268932 0.082400 0.058252
0 0.978400 0.832039 0.043200 0.137864
0 0.262400 0.311650 0.075200 0.071845
0 0.309600 0.364078 0.092800 0.077670
0 0.573200 0.059709 0.096800 0.078641
0 0.942800 0.605340 0.093600 0.096117
0 0.848800 0.430583 0.099200 0.074757
