0 0.104800 0.550000 0.059200 0.125243
0 0.206400 0.564078 0.062400 0.075728
0 0.188400 0.410194 0.088800 0.086408
0 0.106400 0.335437 0.057600 0.053398
0 0.093600 0.393689 0.067200 0.063107
0 0.448400 0.707767 0.071200 0.075728
0 0.480800 0.609223 0.092800 0.088350
0 0.553200 0.409709 0.088800 0.110680
0 0.286000 0.343204 0.072800 0.082524
0 0.314400 0.409223 0.075200 0.080583
0 0.371600 0.391748 0.047200 0.061165
0 0.162800 0.676214 0.032800 0.084466
0 0.094800 0.834466 0.047200 0.061165
0 0.230400 0.691748 0.036800 0.049515
0 0.014800 0.589806 0.028000 0.134951
0 0.770800 0.852427 0.125600 0.126214
0 0.702000 0.550485 0.116000 0.081553
0 0.930800 0.287864 0.138400 0.187379
0 0.744400 0.208252 0.072800 0.070874
0 0.816800 0.187864 0.076800 0.055340
0 0.444800 0.225728 0.041600 0.059223
0 0.563600 0.529612 0.119200 0.127184
0 0.471200 0.549515 0.059200 0.042718
