0 0.381600 0.744175 0.140800 0.164078
0 0.455200 0.783981 0.132800 0.156311
0 0.530000 0.646117 0.072800 0.066990
0 0.468000 0.649515 0.054400 0.073786
0 0.623200 0.593689 0.126400 0.187379
0 0.644800 0.438350 0.084800 0.090291
0 0.795600 0.552427 0.076000 0.085437
0 0.783200 0.324272 0.100800 0.118447
0 0.908400 0.333495 0.140000 0.113592
0 0.178000 0.332524 0.127200 0.183495
0 0.080800 0.500971 0.144000 0.137864
0 0.062400 0.101456 0.105600 0.127184
0 0.370400 0.073786 0.113600 0.145631
0 0.532400 0.137864 0.064800 0.058252
0 0.975200 0.174272 0.049600 0.088350
0 0.291600 0.445146 0.098400 0.063107
0 0.342400 0.526214 0.115200 0.114563
0 0.368800 0.391748 0.049600 0.063107
0 0.489600 0.440777 0.032000 0.040777
0 0.266800 0.238835 0.136800 0.067961
0 0.969600 0.953398 0.060800 0.093204
