0 0.674000 0.728155 0.216800 0.225243
0 0.395600 0.699029 0.088800 0.066019
0 0.237200 0.530097 0.088800 0.100971
0 0.343600 0.433010 0.093600 0.130097
0 0.671600 0.426699 0.180000 0.169903
0 0.950400 0.312136 0.099200 0.175728
0 0.947200 0.594175 0.088000 0.079612
0 0.854000 0.631068 0.109600 0.071845
0 0.604800 0.116019 0.147200 0.131068
0 0.226000 0.050000 0.072800 0.065049
0 0.280800 0.293689 0.078400 0.100000
0 0.804000 0.111165 0.075200 0.068932
0 0.855600 0.050000 0.175200 0.098058
0 0.552400 0.229126 0.093600 0.075728
0 0.425600 0.301942 0.092800 0.064078
0 0.472400 0.335437 0.058400 0.061165
0 0.488400 0.386408 0.061600 0.100971
0 0.398000 0.246602 0.082400 0.064078
0 0.342000 0.287379 0.085600 0.054369
0 0.056400 0.244175 0.111200 0.204854
0 0.518800 0.614078 0.048800 0.065049
0 0.044000 0.820874 0.049600 0.063107
