0 0.500000 0.513107 0.121600 0.140777
0 0.364000 0.325728 0.105600 0.111650
0 0.240800 0.261650 0.088000 0.065049
0 0.134800 0.083981 0.092000 0.113592
0 0.056800 0.173786 0.088000 0.089320
0 0.100000 0.348544 0.084800 0.097087
0 0.683200 0.172330 0.078400 0.125243
0 0.578400 0.085437 0.156800 0.135922
0 0.952400 0.065534 0.095200 0.129126
0 0.988400 0.168932 0.023200 0.093204
0 0.807600 0.232524 0.061600 0.082524
0 0.762800 0.549029 0.087200 0.103883
0 0.201600 0.162621 0.080000 0.078641
0 0.249200 0.150000 0.066400 0.094175
0 0.283600 0.194175 0.079200 0.073786
0 0.896000 0.429126 0.094400 0.091262
0 0.582000 0.921845 0.077600 0.082524
0 0.290400 0.950971 0.049600 0.049515
