0 0.105200 0.877184 0.116000 0.150485
0 0.064400 0.798058 0.068000 0.081553
0 0.166000 0.756796 0.061600 0.088350
0 0.256400 0.545631 0.090400 0.133981
0 0.127600 0.570874 0.095200 0.120388
0 0.058000 0.585922 0.080800 0.148544
0 0.117600 0.396117 0.078400 0.112621
0 0.023200 0.343689 0.044800 0.079612
0 0.031600 0.204369 0.050400 0.057282
0 0.110800 0.155825 0.092000 0.084466
0 0.260800 0.161650 0.080000 0.076699
0 0.201600 0.207282 0.062400 0.100000
0 0.405600 0.090777 0.054400 0.047573
0 0.339200 0.039806 0.049600 0.077670
0 0.328000 0.485922 0.084800 0.101942
0 0.292400 0.381068 0.039200 0.051456
0 0.314800 0.328641 0.047200 0.037864
0 0.464400 0.199515 0.090400 0.100000
0 0.460000 0.301456 0.083200 0.107767
0 0.399600 0.346117 0.066400 0.109709
0 0.357200 0.247087 0.063200 0.076699
0 0.603200 0.294660 0.120000 0.096117
0 0.734800 0.387379 0.226400 0.159223
0 0.489200 0.845631 0.172000 0.196117
0 0.819200 0.855825 0.238400 0.288350
0 0.696000 0.777670 0.068800 0.100971
0 0.829600 0.532039 0.156800 0.211650
0 0.911600 0.600971 0.176800 0.314563
0 0.796400 0.145631 0.111200 0.100971
0 0.620400 0.015049 0.074400 0.028155
0 0.599200 0.535922 0.044800 0.044660
0 0.514800 0.397087 0.037600 0.040777
