0 0.157200 0.073786 0.111200 0.133981
0 0.276800 0.020388 0.075200 0.038835
0 0.416000 0.140777 0.124800 0.091262
0 0.171200 0.433981 0.113600 0.130097
0 0.258000 0.450485 0.071200 0.091262
0 0.240800 0.345146 0.107200 0.125243
0 0.534000 0.259223 0.080800 0.058252
0 0.612800 0.377670 0.150400 0.188350
0 0.706800 0.340291 0.127200 0.152427
0 0.778400 0.284466 0.052800 0.052427
0 0.802000 0.195631 0.144800 0.119417
0 0.728400 0.104369 0.037600 0.070874
0 0.604400 0.059223 0.093600 0.106796
0 0.742000 0.662136 0.104800 0.118447
0 0.680800 0.786893 0.184000 0.148544
0 0.877200 0.634466 0.143200 0.125243
0 0.790800 0.543204 0.072800 0.057282
0 0.979200 0.663592 0.041600 0.094175
0 0.211600 0.568447 0.108000 0.127184
0 0.090000 0.634951 0.052000 0.069903
0 0.166400 0.660680 0.057600 0.061165
0 0.348800 0.707282 0.054400 0.061165
0 0.552400 0.673301 0.076000 0.090291
0 0.564800 0.500971 0.084800 0.071845
0 0.148800 0.217961 0.060800 0.049515
0 0.058800 0.219903 0.116000 0.129126
0 0.026800 0.333981 0.052000 0.093204
0 0.024400 0.430097 0.047200 0.104854
0 0.071600 0.492233 0.037600 0.085437
0 0.916000 0.361650 0.060800 0.092233
0 0.376400 0.748058 0.047200 0.032039
0 0.244800 0.665049 0.043200 0.054369
