0 0.630000 0.746602 0.127200 0.128155
0 0.413200 0.330097 0.117600 0.093204
0 0.776400 0.144660 0.128800 0.151456
0 0.784400 0.256311 0.064800 0.071845
0 0.030000 0.563592 0.058400 0.148544
0 0.146000 0.334466 0.087200 0.084466
0 0.204800 0.214078 0.075200 0.098058
0 0.324000 0.217961 0.068800 0.066990
0 0.396800 0.219903 0.070400 0.078641
0 0.274400 0.078641 0.099200 0.083495
0 0.384800 0.250971 0.056000 0.055340
0 0.157200 0.067961 0.072800 0.085437
0 0.056000 0.032524 0.057600 0.063107
0 0.864000 0.637379 0.070400 0.070874
0 0.965600 0.237864 0.068800 0.083495
0 0.577600 0.075728 0.131200 0.149515
0 0.473200 0.088350 0.093600 0.122330
0 0.972800 0.049515 0.054400 0.097087
0 0.435200 0.500000 0.092800 0.095146
