0 0.048800 0.571359 0.096000 0.164078
0 0.303200 0.651456 0.054400 0.108738
0 0.416800 0.683010 0.072000 0.101942
0 0.470000 0.635437 0.045600 0.047573
0 0.126000 0.584951 0.096800 0.113592
0 0.069200 0.430097 0.072800 0.095146
0 0.255600 0.488350 0.093600 0.091262
0 0.215600 0.395146 0.112800 0.100971
0 0.162000 0.257282 0.048800 0.071845
0 0.265600 0.116019 0.065600 0.059223
0 0.105200 0.248058 0.063200 0.090291
0 0.050800 0.200971 0.093600 0.071845
0 0.411200 0.214563 0.070400 0.052427
0 0.427200 0.325243 0.089600 0.108738
0 0.504800 0.394175 0.089600 0.102913
0 0.434000 0.518447 0.085600 0.186408
0 0.614400 0.479126 0.064000 0.082524
0 0.673600 0.550000 0.064000 0.111650
0 0.712000 0.391262 0.142400 0.155340
0 0.754000 0.308738 0.085600 0.067961
0 0.811600 0.436893 0.074400 0.067961
0 0.830000 0.687379 0.162400 0.194175
0 0.960400 0.783981 0.074400 0.094175
0 0.933600 0.513107 0.073600 0.094175
0 0.976000 0.600971 0.048000 0.124272
0 0.952400 0.346117 0.095200 0.154369
0 0.771200 0.160194 0.131200 0.110680
0 0.665600 0.049029 0.092800 0.049515
0 0.620400 0.708252 0.071200 0.098058
0 0.080000 0.786893 0.030400 0.039806
0 0.960400 0.136408 0.079200 0.035922
