0 0.246000 0.403883 0.084000 0.095146
0 0.272800 0.147573 0.092800 0.085437
0 0.151600 0.162136 0.076000 0.091262
0 0.038800 0.221845 0.076000 0.098058
0 0.076800 0.064563 0.076800 0.057282
0 0.021600 0.138350 0.041600 0.078641
0 0.443600 0.118932 0.092000 0.086408
0 0.682000 0.706311 0.136800 0.144660
0 0.609200 0.635437 0.125600 0.115534
0 0.975600 0.812136 0.048800 0.134951
0 0.976800 0.717476 0.046400 0.066019
0 0.792000 0.510680 0.089600 0.093204
0 0.959200 0.496117 0.076800 0.050485
0 0.929200 0.341748 0.069600 0.058252
0 0.612400 0.301456 0.096800 0.123301
0 0.713600 0.153398 0.060800 0.083495
0 0.537600 0.190777 0.086400 0.061165
0 0.646000 0.094175 0.068000 0.067961
0 0.704800 0.030097 0.044800 0.050485
0 0.310400 0.254369 0.056000 0.075728
0 0.052800 0.750000 0.046400 0.053398
0 0.132800 0.573786 0.060800 0.069903
0 0.100800 0.631068 0.046400 0.050485
0 0.527600 0.519903 0.058400 0.076699
