0 0.090000 0.174757 0.116000 0.190291
0 0.228400 0.220388 0.109600 0.095146
0 0.378400 0.033981 0.096000 0.066019
0 0.276000 0.387864 0.102400 0.140777
0 0.312800 0.513107 0.113600 0.111650
0 0.082400 0.444660 0.097600 0.151456
0 0.109200 0.608252 0.162400 0.167961
0 0.027200 0.629612 0.052800 0.144660
0 0.392400 0.725728 0.128800 0.150485
0 0.578000 0.769903 0.103200 0.137864
0 0.596400 0.700971 0.063200 0.050485
0 0.559200 0.559223 0.108800 0.231068
0 0.636800 0.400971 0.107200 0.133981
0 0.832800 0.601942 0.147200 0.147573
0 0.898800 0.382524 0.202400 0.233010
0 0.508000 0.321359 0.112000 0.128155
0 0.549200 0.183010 0.080800 0.041748
0 0.968000 0.143689 0.064000 0.077670
0 0.871200 0.170874 0.083200 0.031068
0 0.080400 0.885437 0.039200 0.052427
0 0.218800 0.814078 0.031200 0.030097
