0 0.952800 0.916019 0.094400 0.167961
0 0.931600 0.572816 0.136800 0.165049
0 0.808800 0.643204 0.140800 0.152427
0 0.671600 0.687864 0.159200 0.233981
0 0.717600 0.517961 0.073600 0.105825
0 0.813200 0.473301 0.120800 0.111650
0 0.946800 0.407767 0.106400 0.095146
0 0.648400 0.279612 0.149600 0.112621
0 0.879200 0.133495 0.195200 0.175728
0 0.583600 0.605340 0.053600 0.066990
0 0.532000 0.564563 0.070400 0.101942
0 0.491600 0.864078 0.069600 0.071845
0 0.794400 0.945146 0.040000 0.043689
0 0.460800 0.364078 0.158400 0.153398
0 0.388800 0.422816 0.121600 0.103883
0 0.276800 0.773786 0.059200 0.100971
0 0.034000 0.944175 0.066400 0.076699
0 0.075200 0.435922 0.131200 0.143689
0 0.026400 0.592233 0.051200 0.116505
0 0.038800 0.665049 0.039200 0.040777
0 0.119200 0.680583 0.078400 0.161165
0 0.174400 0.610194 0.116800 0.105825
0 0.259600 0.617961 0.052000 0.049515
0 0.294800 0.546602 0.103200 0.178641
0 0.244800 0.357282 0.046400 0.062136
0 0.196800 0.336408 0.059200 0.059223
0 0.186800 0.296117 0.064800 0.067961
0 0.276800 0.022816 0.060800 0.043689
0 0.265200 0.105340 0.066400 0.037864
0 0.017600 0.190777 0.033600 0.142718
0 0.063600 0.500485 0.125600 0.094175
