0 0.125600 0.706311 0.107200 0.096117
0 0.240800 0.658738 0.049600 0.076699
0 0.402400 0.611650 0.086400 0.083495
0 0.362800 0.544175 0.060000 0.080583
0 0.229600 0.509709 0.126400 0.141748
0 0.138000 0.414563 0.080800 0.168932
0 0.566800 0.526214 0.114400 0.132039
0 0.476800 0.523786 0.104000 0.109709
0 0.956400 0.375728 0.087200 0.106796
0 0.733200 0.333981 0.101600 0.149515
0 0.945200 0.108252 0.109600 0.119417
0 0.373600 0.195631 0.116800 0.105825
0 0.507600 0.180097 0.108000 0.136893
0 0.503200 0.347087 0.099200 0.131068
0 0.627600 0.268932 0.168800 0.198058
0 0.051200 0.063107 0.072000 0.073786
0 0.076400 0.143689 0.084000 0.060194
0 0.047600 0.469417 0.080800 0.092233
0 0.831600 0.645146 0.093600 0.070874
0 0.194400 0.753398 0.043200 0.054369
0 0.961200 0.968932 0.077600 0.062136
