0 0.833200 0.575728 0.141600 0.166990
0 0.723600 0.516990 0.095200 0.117476
0 0.918000 0.362621 0.055200 0.092233
0 0.966800 0.365534 0.058400 0.088350
0 0.788000 0.473301 0.088000 0.076699
0 0.638800 0.397573 0.061600 0.086408
0 0.334000 0.280097 0.100000 0.101942
0 0.738400 0.138350 0.110400 0.133010
0 0.137200 0.654854 0.053600 0.061165
0 0.055200 0.233010 0.059200 0.174757
0 0.048400 0.448058 0.077600 0.088350
0 0.022800 0.578641 0.044000 0.116505
0 0.096400 0.105340 0.095200 0.109709
0 0.065200 0.030097 0.074400 0.058252
0 0.227200 0.039320 0.088000 0.076699
0 0.355200 0.025728 0.088000 0.049515
0 0.644400 0.038350 0.120800 0.074757
0 0.888000 0.900971 0.110400 0.104854
0 0.388000 0.120874 0.052800 0.066990
0 0.186400 0.528641 0.040000 0.057282
0 0.209200 0.470874 0.055200 0.066019
0 0.476400 0.408738 0.095200 0.124272
