0 0.176400 0.514563 0.082400 0.104854
0 0.246400 0.566505 0.092800 0.082524
0 0.122400 0.421845 0.113600 0.094175
0 0.096000 0.515049 0.072000 0.086408
0 0.062000 0.342718 0.095200 0.102913
0 0.108400 0.275728 0.074400 0.052427
0 0.310400 0.410680 0.112000 0.130097
0 0.350800 0.333495 0.087200 0.103883
0 0.421600 0.384466 0.083200 0.046602
0 0.394800 0.244660 0.098400 0.099029
0 0.446800 0.143204 0.109600 0.076699
0 0.618400 0.310680 0.112000 0.093204
0 0.637200 0.240777 0.095200 0.052427
0 0.564400 0.421359 0.087200 0.091262
0 0.511600 0.530097 0.144800 0.207767
0 0.660400 0.440777 0.092000 0.102913
0 0.766400 0.824272 0.137600 0.149515
0 0.755200 0.593204 0.067200 0.073786
0 0.928000 0.588350 0.112000 0.097087
0 0.222800 0.033010 0.080800 0.064078
0 0.376400 0.018932 0.090400 0.035922
0 0.464000 0.039320 0.070400 0.065049
0 0.572000 0.048544 0.144000 0.095146
0 0.646400 0.604369 0.113600 0.131068
0 0.019600 0.197573 0.037600 0.063107
