0 0.398400 0.813592 0.076800 0.153398
0 0.461600 0.736408 0.051200 0.088350
0 0.578400 0.870874 0.068800 0.089320
0 0.654000 0.725728 0.096800 0.103883
0 0.637200 0.599029 0.114400 0.104854
0 0.511200 0.629612 0.075200 0.129126
0 0.445200 0.584951 0.068000 0.088350
0 0.393200 0.573786 0.048800 0.085437
0 0.426800 0.470388 0.069600 0.092233
0 0.495600 0.491748 0.060000 0.098058
0 0.534400 0.467961 0.088000 0.128155
0 0.696400 0.319903 0.146400 0.109709
0 0.549200 0.185922 0.045600 0.059223
0 0.429600 0.153398 0.056000 0.067961
0 0.304000 0.177670 0.056000 0.067961
0 0.322000 0.062621 0.066400 0.072816
0 0.241600 0.010680 0.116800 0.019417
0 0.319200 0.289320 0.032000 0.040777
0 0.222400 0.228155 0.044800 0.050485
0 0.247200 0.344175 0.120000 0.142718
0 0.379200 0.219417 0.022400 0.038835
0 0.841200 0.449515 0.064800 0.124272
0 0.923600 0.345146 0.152800 0.191262
0 0.854000 0.198544 0.112800 0.105825
0 0.055600 0.625243 0.109600 0.172816
0 0.152000 0.617476 0.123200 0.137864
0 0.247200 0.696117 0.056000 0.050485
0 0.258800 0.525243 0.074400 0.099029
0 0.036800 0.387864 0.072000 0.098058
0 0.122800 0.379612 0.080800 0.122330
0 0.184400 0.434466 0.090400 0.088350
0 0.181600 0.366019 0.041600 0.042718
0 0.103200 0.288350 0.052800 0.054369
0 0.154000 0.183981 0.080800 0.092233
0 0.067600 0.052427 0.032800 0.025243
0 0.961600 0.134466 0.076800 0.051456
0 0.990800 0.194660 0.018400 0.047573
0 0.833600 0.633495 0.086400 0.109709
0 0.928000 0.655825 0.144000 0.138835
0 0.980400 0.554369 0.039200 0.112621
0 0.086000 0.883495 0.032800 0.023301
