0 0.089600 0.070874 0.102400 0.100971
0 0.054400 0.153398 0.083200 0.069903
0 0.367200 0.140777 0.100800 0.133981
0 0.243200 0.267961 0.094400 0.104854
0 0.176800 0.329612 0.057600 0.047573
0 0.465200 0.592718 0.071200 0.100000
0 0.537200 0.649029 0.085600 0.088350
0 0.559200 0.135922 0.108800 0.114563
0 0.861600 0.307282 0.105600 0.125243
0 0.683200 0.328155 0.104000 0.100971
0 0.639600 0.119417 0.090400 0.095146
0 0.732800 0.043204 0.107200 0.084466
0 0.954800 0.068932 0.090400 0.104854
0 0.704000 0.231553 0.070400 0.066990
0 0.383600 0.499515 0.058400 0.059223
0 0.199200 0.481068 0.052800 0.066990
0 0.269600 0.427184 0.057600 0.052427
0 0.040800 0.411165 0.060800 0.072816
0 0.281600 0.352427 0.035200 0.050485
0 0.734000 0.979126 0.069600 0.041748
0 0.978800 0.289806 0.042400 0.065049
