0 0.092400 0.688835 0.119200 0.210680
0 0.189200 0.706311 0.082400 0.090291
0 0.221200 0.784951 0.127200 0.133010
0 0.416000 0.603883 0.068800 0.077670
0 0.412000 0.375243 0.112000 0.121359
0 0.752400 0.519417 0.141600 0.147573
0 0.676400 0.382039 0.173600 0.131068
0 0.676000 0.283010 0.145600 0.113592
0 0.886400 0.442233 0.092800 0.065049
0 0.928800 0.194660 0.099200 0.061165
0 0.513200 0.152913 0.116000 0.084466
0 0.434800 0.159709 0.068000 0.076699
0 0.356800 0.147573 0.115200 0.133981
0 0.638400 0.018447 0.064000 0.034951
0 0.922400 0.048544 0.115200 0.095146
0 0.650800 0.496117 0.095200 0.081553
0 0.412800 0.506796 0.070400 0.048544
0 0.178400 0.133010 0.091200 0.106796
0 0.049600 0.329126 0.089600 0.100971
0 0.516000 0.021845 0.068800 0.041748
0 0.095200 0.060194 0.044800 0.060194
0 0.096400 0.445631 0.122400 0.100971
0 0.315600 0.422330 0.052000 0.139806
0 0.689200 0.686408 0.044000 0.042718
0 0.171600 0.841262 0.068000 0.088350
0 0.583200 0.627670 0.051200 0.049515
