0 0.622400 0.925728 0.120000 0.136893
0 0.064400 0.743689 0.108000 0.137864
0 0.020000 0.710194 0.038400 0.136893
0 0.036800 0.415534 0.072000 0.116505
0 0.296000 0.153398 0.097600 0.062136
0 0.732000 0.356796 0.094400 0.084466
0 0.952400 0.458738 0.095200 0.080583
0 0.759600 0.452427 0.084000 0.112621
0 0.714800 0.166019 0.112800 0.093204
0 0.808400 0.103883 0.090400 0.060194
0 0.948800 0.270874 0.102400 0.130097
0 0.938800 0.194175 0.088800 0.052427
0 0.566000 0.317961 0.112800 0.111650
0 0.472000 0.322816 0.081600 0.098058
0 0.407600 0.422330 0.076000 0.095146
0 0.427600 0.534466 0.109600 0.100000
0 0.106000 0.117476 0.087200 0.124272
0 0.074400 0.063592 0.089600 0.115534
0 0.238800 0.403883 0.072800 0.081553
0 0.310400 0.308252 0.067200 0.049515
0 0.043200 0.236893 0.064000 0.056311
0 0.864000 0.820388 0.075200 0.060194
0 0.658000 0.445146 0.085600 0.088350
