0 0.091200 0.701942 0.100800 0.108738
0 0.154400 0.589806 0.092800 0.092233
0 0.139200 0.666019 0.054400 0.050485
0 0.187600 0.680583 0.044000 0.062136
0 0.316400 0.720388 0.064800 0.079612
0 0.306800 0.574272 0.072800 0.068932
0 0.247200 0.536893 0.080000 0.073786
0 0.392400 0.448058 0.109600 0.094175
0 0.412000 0.515534 0.048000 0.069903
0 0.272400 0.347573 0.120800 0.079612
0 0.532000 0.719903 0.089600 0.119417
0 0.552000 0.619903 0.068800 0.051456
0 0.506800 0.633495 0.080800 0.065049
0 0.686400 0.538835 0.088000 0.089320
0 0.667200 0.786408 0.152000 0.128155
0 0.722000 0.716019 0.090400 0.082524
0 0.962000 0.916019 0.076000 0.096117
0 0.622400 0.283010 0.083200 0.057282
0 0.580000 0.405825 0.096000 0.118447
0 0.081200 0.516019 0.066400 0.076699
0 0.083200 0.473786 0.041600 0.046602
0 0.828000 0.692718 0.060800 0.045631
0 0.772000 0.518932 0.100800 0.086408
0 0.441200 0.321845 0.034400 0.053398
