0 0.047200 0.169417 0.073600 0.082524
0 0.083600 0.251456 0.050400 0.067961
0 0.239200 0.218447 0.080000 0.091262
0 0.318000 0.109223 0.087200 0.096117
0 0.447200 0.093204 0.118400 0.093204
0 0.452400 0.285922 0.109600 0.096117
0 0.325200 0.407767 0.104800 0.116505
0 0.297600 0.651456 0.097600 0.108738
0 0.106400 0.398058 0.088000 0.100971
0 0.105200 0.472330 0.095200 0.065049
0 0.043200 0.524272 0.084800 0.153398
0 0.022000 0.824757 0.042400 0.096117
0 0.481200 0.759223 0.090400 0.093204
0 0.581200 0.403398 0.116000 0.146602
0 0.664400 0.430097 0.077600 0.114563
0 0.786000 0.441262 0.098400 0.119417
0 0.880000 0.459709 0.118400 0.134951
0 0.972000 0.496602 0.056000 0.115534
0 0.956000 0.290777 0.067200 0.080583
0 0.655200 0.189320 0.075200 0.077670
0 0.828800 0.189320 0.089600 0.071845
0 0.238800 0.507767 0.050400 0.064078
0 0.385600 0.333495 0.068800 0.059223
