0 0.668400 0.579612 0.122400 0.118447
0 0.629600 0.478641 0.116800 0.079612
0 0.547600 0.488350 0.040800 0.046602
0 0.855600 0.915534 0.080800 0.071845
0 0.311200 0.851456 0.078400 0.075728
0 0.233200 0.661165 0.092000 0.104854
0 0.026000 0.587864 0.050400 0.107767
0 0.015600 0.407282 0.029600 0.092233
0 0.181600 0.270874 0.078400 0.118447
0 0.570400 0.347087 0.072000 0.113592
0 0.548000 0.281068 0.124800 0.111650
0 0.522000 0.184466 0.119200 0.081553
0 0.555200 0.125728 0.084800 0.080583
0 0.477200 0.082524 0.079200 0.066019
0 0.360000 0.039806 0.102400 0.077670
0 0.742400 0.211165 0.131200 0.101942
0 0.758400 0.333495 0.054400 0.063107
0 0.969200 0.285437 0.061600 0.172816
0 0.983200 0.496602 0.033600 0.119417
0 0.861200 0.054854 0.100000 0.084466
0 0.776400 0.487864 0.085600 0.086408
0 0.375600 0.242718 0.058400 0.077670
0 0.314000 0.254854 0.056800 0.070874
0 0.275600 0.148544 0.072800 0.064078
0 0.600800 0.053883 0.088000 0.047573
0 0.231600 0.978155 0.050400 0.043689
