0 0.934400 0.748058 0.131200 0.171845
0 0.801600 0.628155 0.110400 0.126214
0 0.274000 0.654854 0.082400 0.094175
0 0.114800 0.664078 0.098400 0.139806
0 0.034800 0.581553 0.061600 0.073786
0 0.078800 0.313592 0.125600 0.137864
0 0.173600 0.362136 0.075200 0.067961
0 0.251600 0.350971 0.052000 0.059223
0 0.416400 0.397087 0.143200 0.126214
0 0.659200 0.213107 0.184000 0.138835
0 0.688800 0.140777 0.123200 0.083495
0 0.936800 0.183495 0.126400 0.166990
0 0.960400 0.296117 0.079200 0.093204
0 0.558400 0.080583 0.180800 0.159223
0 0.317600 0.085437 0.100800 0.168932
0 0.322800 0.232524 0.111200 0.107767
0 0.671600 0.636893 0.087200 0.077670
0 0.761200 0.410194 0.090400 0.125243
0 0.626800 0.495631 0.069600 0.061165
0 0.533600 0.351942 0.100800 0.098058
0 0.765200 0.102427 0.077600 0.094175
0 0.423600 0.655825 0.047200 0.063107
0 0.577600 0.617476 0.043200 0.071845
