0 0.549600 0.624272 0.094400 0.122330
0 0.375600 0.592233 0.098400 0.112621
0 0.515200 0.407282 0.099200 0.185437
0 0.314000 0.399029 0.104800 0.093204
0 0.267600 0.334466 0.100000 0.074757
0 0.236000 0.226214 0.110400 0.126214
0 0.102400 0.337864 0.078400 0.120388
0 0.761200 0.509709 0.095200 0.130097
0 0.732000 0.669903 0.076800 0.102913
0 0.970400 0.546602 0.059200 0.102913
0 0.957200 0.288350 0.085600 0.071845
0 0.793600 0.214563 0.128000 0.110680
0 0.801600 0.291748 0.086400 0.049515
0 0.602800 0.238835 0.106400 0.097087
0 0.486000 0.245631 0.120800 0.116505
0 0.914000 0.033495 0.104800 0.065049
0 0.071600 0.086408 0.088800 0.124272
0 0.018800 0.353398 0.036000 0.079612
0 0.039200 0.492233 0.076800 0.200000
0 0.119200 0.489806 0.128000 0.156311
0 0.770000 0.840777 0.069600 0.069903
0 0.114000 0.756796 0.031200 0.049515
