0 0.345600 0.676699 0.105600 0.122330
0 0.483600 0.711165 0.080800 0.103883
0 0.531600 0.652913 0.047200 0.047573
0 0.495600 0.530097 0.087200 0.198058
0 0.295200 0.492233 0.096000 0.095146
0 0.257200 0.395146 0.108000 0.102913
0 0.097600 0.439320 0.075200 0.117476
0 0.083600 0.357282 0.047200 0.046602
0 0.157200 0.590777 0.096800 0.113592
0 0.106000 0.809223 0.031200 0.033981
0 0.069200 0.604854 0.136800 0.219417
0 0.012000 0.463592 0.022400 0.074757
0 0.753600 0.557767 0.108800 0.121359
0 0.839200 0.403883 0.251200 0.163107
0 0.838800 0.272816 0.116000 0.099029
0 0.873600 0.153398 0.144000 0.120388
0 0.747200 0.028155 0.070400 0.054369
0 0.472800 0.317961 0.097600 0.107767
0 0.570000 0.395631 0.092000 0.105825
0 0.469600 0.203883 0.080000 0.058252
0 0.676800 0.481553 0.064000 0.089320
0 0.659600 0.725728 0.036000 0.100000
0 0.931200 0.724272 0.137600 0.229126
0 0.093600 0.218447 0.113600 0.118447
0 0.218400 0.243204 0.091200 0.090291
0 0.322000 0.099515 0.077600 0.065049
