0 0.058000 0.741748 0.063200 0.058252
0 0.148800 0.681553 0.083200 0.097087
0 0.317200 0.672330 0.052000 0.070874
0 0.432400 0.608738 0.085600 0.102913
0 0.391600 0.401456 0.069600 0.074757
0 0.275200 0.321845 0.081600 0.070874
0 0.362400 0.273301 0.080000 0.070874
0 0.124400 0.157767 0.040800 0.043689
0 0.139200 0.094175 0.060800 0.048544
0 0.326000 0.067961 0.071200 0.054369
0 0.530400 0.144175 0.064000 0.070874
0 0.740400 0.060194 0.085600 0.087379
0 0.714800 0.234951 0.076000 0.130097
0 0.885600 0.298544 0.126400 0.086408
0 0.940000 0.361165 0.102400 0.100971
0 0.967600 0.255825 0.064800 0.065049
0 0.906400 0.073786 0.078400 0.054369
0 0.754000 0.494660 0.108000 0.125243
0 0.837600 0.505825 0.059200 0.048544
0 0.523600 0.030097 0.069600 0.058252
