0 0.029200 0.370874 0.056800 0.093204
0 0.050400 0.596602 0.060800 0.059223
0 0.122800 0.581068 0.100000 0.121359
0 0.115200 0.681553 0.049600 0.091262
0 0.345600 0.566990 0.120000 0.100971
0 0.448800 0.761165 0.094400 0.116505
0 0.566000 0.889320 0.056800 0.069903
0 0.552800 0.710680 0.092800 0.087379
0 0.480400 0.579126 0.063200 0.129126
0 0.380400 0.651942 0.071200 0.080583
0 0.529600 0.640291 0.052800 0.037864
0 0.690800 0.726699 0.047200 0.057282
0 0.782000 0.593204 0.084000 0.079612
0 0.962800 0.601456 0.074400 0.107767
0 0.884000 0.594660 0.049600 0.076699
0 0.889600 0.507282 0.059200 0.061165
0 0.756400 0.423786 0.079200 0.082524
0 0.804400 0.353883 0.101600 0.090291
0 0.914000 0.330583 0.071200 0.057282
0 0.620400 0.345631 0.042400 0.048544
0 0.487600 0.423786 0.031200 0.053398
