0 0.876400 0.952913 0.170400 0.094175
0 0.458400 0.659223 0.209600 0.168932
0 0.203600 0.598058 0.079200 0.083495
0 0.241200 0.434951 0.090400 0.112621
0 0.165600 0.370388 0.086400 0.103883
0 0.310400 0.195631 0.100800 0.100000
0 0.400400 0.348544 0.122400 0.130097
0 0.242400 0.128155 0.084800 0.077670
0 0.208800 0.056796 0.059200 0.066990
0 0.496800 0.166019 0.088000 0.073786
0 0.436800 0.212136 0.049600 0.082524
0 0.357200 0.131068 0.034400 0.050485
0 0.621200 0.484466 0.095200 0.102913
0 0.775200 0.411650 0.137600 0.141748
0 0.910400 0.329612 0.179200 0.158252
0 0.877200 0.197087 0.136800 0.091262
0 0.625200 0.238835 0.085600 0.093204
0 0.732400 0.237379 0.077600 0.100000
0 0.703600 0.086893 0.196000 0.171845
0 0.716800 0.516019 0.049600 0.068932
0 0.097200 0.086408 0.061600 0.054369
0 0.451200 0.888835 0.067200 0.072816
