0 0.668400 0.914078 0.197600 0.171845
0 0.656800 0.804854 0.067200 0.066019
0 0.416000 0.855825 0.091200 0.068932
0 0.272000 0.695631 0.083200 0.098058
0 0.375200 0.588350 0.096000 0.079612
0 0.109200 0.450971 0.116000 0.158252
0 0.064400 0.367961 0.076000 0.060194
0 0.028800 0.288835 0.056000 0.119417
0 0.046000 0.173786 0.066400 0.054369
0 0.407200 0.165534 0.084800 0.154369
0 0.569600 0.178641 0.120000 0.091262
0 0.598000 0.343204 0.133600 0.113592
0 0.670800 0.606311 0.178400 0.166019
0 0.820800 0.288835 0.168000 0.109709
0 0.944800 0.778641 0.081600 0.079612
0 0.876000 0.800971 0.075200 0.073786
0 0.943600 0.476214 0.112800 0.094175
0 0.929200 0.567961 0.101600 0.087379
0 0.567200 0.433981 0.091200 0.060194
0 0.512400 0.354854 0.064800 0.059223
0 0.306000 0.473786 0.077600 0.102913
0 0.267200 0.229612 0.084800 0.098058
0 0.077200 0.960680 0.058400 0.059223
0 0.535600 0.776214 0.042400 0.066990
