0 0.045200 0.557282 0.088800 0.128155
0 0.020800 0.685922 0.040000 0.074757
0 0.249200 0.629126 0.063200 0.071845
0 0.488800 0.282524 0.096000 0.141748
0 0.674800 0.093689 0.088800 0.113592
0 0.743600 0.052913 0.100000 0.078641
0 0.114800 0.251942 0.116000 0.125243
0 0.178800 0.318447 0.111200 0.149515
0 0.282000 0.299029 0.096800 0.120388
0 0.116000 0.409709 0.044800 0.056311
0 0.447600 0.444175 0.060000 0.066990
0 0.589600 0.352913 0.064000 0.057282
0 0.962800 0.141262 0.074400 0.127184
0 0.916400 0.270874 0.052000 0.066019
0 0.780800 0.520388 0.073600 0.069903
0 0.227200 0.111165 0.116800 0.136893
0 0.224800 0.021359 0.076800 0.040777
0 0.541200 0.164078 0.074400 0.062136
0 0.528800 0.599515 0.056000 0.068932
0 0.574000 0.624272 0.056800 0.050485
0 0.460000 0.751942 0.059200 0.065049
