0 0.025589 0.633253 0.043931 0.076490
0 0.167799 0.724638 0.032156 0.051530
0 0.176857 0.626409 0.032156 0.035427
0 0.210824 0.611916 0.031250 0.038647
0 0.202899 0.674718 0.023551 0.045089
0 0.464221 0.500805 0.046196 0.090177
0 0.449955 0.687601 0.037591 0.054750
0 0.867301 0.840177 0.072464 0.116747
0 0.692029 0.548309 0.037138 0.062802
0 0.960598 0.466989 0.040761 0.069243
0 0.799366 0.725845 0.085145 0.103865
0 0.337183 0.743961 0.034873 0.049919
0 0.321558 0.626409 0.025362 0.051530
0 0.197011 0.477456 0.021739 0.048309
