0 0.165534 0.582126 0.036685 0.061192
0 0.228261 0.661031 0.047101 0.069243
0 0.347147 0.640097 0.034873 0.072464
0 0.376132 0.586554 0.033967 0.061997
0 0.427763 0.543881 0.033062 0.058776
0 0.399683 0.566828 0.024004 0.056361
0 0.359375 0.423108 0.031250 0.053945
0 0.688406 0.751208 0.057971 0.086957
0 0.783514 0.756441 0.087862 0.148953
0 0.877491 0.820853 0.063859 0.108696
0 0.923913 0.748390 0.076087 0.137681
0 0.045290 0.454911 0.034420 0.067633
0 0.772645 0.917069 0.048007 0.091787
0 0.075861 0.515298 0.035779 0.038647
