0 0.908062 0.845411 0.062500 0.099839
0 0.680027 0.666264 0.046649 0.090982
0 0.687726 0.602657 0.043025 0.061997
0 0.687953 0.560789 0.037138 0.047504
0 0.725091 0.541063 0.040761 0.064412
0 0.634058 0.398148 0.040761 0.071659
0 0.248415 0.450483 0.033967 0.068438
0 0.433650 0.606280 0.038496 0.078905
0 0.505208 0.700483 0.049366 0.088567
0 0.260190 0.523752 0.052083 0.047504
0 0.267663 0.599034 0.026268 0.046699
0 0.120245 0.589775 0.033062 0.047504
0 0.109375 0.566828 0.040308 0.049919
0 0.460824 0.484300 0.030344 0.044283
