0 0.045063 0.711755 0.044837 0.066023
0 0.108469 0.628824 0.039402 0.086957
0 0.167120 0.514895 0.046196 0.082931
0 0.198596 0.615539 0.043025 0.066828
0 0.215580 0.593800 0.039855 0.084541
0 0.158967 0.845008 0.046196 0.074879
0 0.206295 0.815217 0.044837 0.107085
0 0.241848 0.752818 0.048913 0.120773
0 0.473958 0.488325 0.092844 0.155395
0 0.527174 0.909018 0.125000 0.181965
0 0.666667 0.785024 0.092391 0.156200
0 0.766078 0.824477 0.085598 0.143317
0 0.795969 0.501208 0.076540 0.113527
0 0.561141 0.401369 0.062500 0.118357
