0 0.057518 0.852254 0.029891 0.041063
0 0.098053 0.680757 0.033062 0.047504
0 0.223505 0.818035 0.029438 0.048309
0 0.216486 0.785024 0.027174 0.030596
0 0.137002 0.749195 0.027627 0.034622
0 0.210824 0.910225 0.047554 0.065217
0 0.168025 0.958937 0.031703 0.075684
0 0.838315 0.917472 0.067935 0.076490
0 0.701540 0.855072 0.044384 0.078905
0 0.691123 0.766103 0.022645 0.029791
0 0.525815 0.743961 0.032609 0.045089
0 0.430254 0.881240 0.038043 0.066828
0 0.188406 0.979871 0.033514 0.040258
0 0.855752 0.956119 0.057518 0.063607
