0 0.802536 0.877214 0.048007 0.092593
0 0.563179 0.887279 0.044837 0.082126
0 0.574049 0.851047 0.043931 0.070853
0 0.607790 0.842593 0.038949 0.076490
0 0.642889 0.909420 0.044837 0.063607
0 0.571332 0.578905 0.028533 0.038647
0 0.521739 0.690821 0.028986 0.046699
0 0.060009 0.871176 0.030344 0.051530
0 0.028306 0.780596 0.032156 0.047504
0 0.112545 0.691626 0.033062 0.035427
0 0.237772 0.941626 0.027174 0.055556
0 0.292799 0.894122 0.027627 0.037842
0 0.391531 0.834138 0.027627 0.035427
0 0.887002 0.598631 0.033062 0.044283
