0 0.613904 0.825684 0.041214 0.076490
0 0.555707 0.747585 0.031703 0.055556
0 0.610507 0.752818 0.028986 0.038647
0 0.485054 0.703301 0.036232 0.061997
0 0.466938 0.902174 0.043478 0.066828
0 0.341712 0.770934 0.040308 0.060386
0 0.243433 0.838567 0.039402 0.066828
0 0.188179 0.735507 0.034873 0.070048
0 0.144475 0.817230 0.036232 0.067633
0 0.120697 0.799114 0.026721 0.055556
0 0.285553 0.592190 0.029438 0.034622
0 0.015851 0.897746 0.030797 0.062802
0 0.727129 0.754428 0.031250 0.041868
0 0.287817 0.853462 0.031250 0.061192
0 0.357790 0.677939 0.021739 0.035427
