0 0.221920 0.946457 0.041667 0.050725
0 0.362545 0.937198 0.039402 0.080515
0 0.319520 0.832528 0.039402 0.064412
0 0.323596 0.725845 0.044837 0.044283
0 0.456522 0.813205 0.038043 0.069243
0 0.523777 0.791063 0.033967 0.058776
0 0.610960 0.747182 0.034420 0.057971
0 0.566350 0.877214 0.031250 0.045894
0 0.592844 0.917874 0.034420 0.056361
0 0.635190 0.805153 0.033062 0.062802
0 0.709692 0.875604 0.033514 0.063607
0 0.812500 0.840177 0.037138 0.071659
0 0.785779 0.728663 0.027174 0.051530
0 0.818841 0.750000 0.041667 0.058776
0 0.952899 0.978261 0.057971 0.043478
0 0.931386 0.779791 0.048460 0.063607
