0 0.231884 0.927134 0.048913 0.089372
0 0.247283 0.886071 0.040761 0.066828
0 0.213768 0.887279 0.033514 0.056361
0 0.245697 0.942029 0.043025 0.067633
0 0.289855 0.878019 0.040761 0.078100
0 0.315670 0.731884 0.036232 0.066023
0 0.344203 0.789050 0.068841 0.098229
0 0.310688 0.651771 0.034420 0.055556
0 0.382246 0.969002 0.038043 0.061997
0 0.516984 0.726248 0.052989 0.096618
0 0.556839 0.726248 0.044837 0.107890
0 0.463315 0.594203 0.040761 0.061192
0 0.532835 0.626812 0.024909 0.047504
0 0.456069 0.518921 0.027174 0.034622
0 0.679801 0.550725 0.055254 0.075684
0 0.798007 0.772544 0.046196 0.074879
0 0.736413 0.839372 0.041667 0.074879
0 0.666893 0.947665 0.030344 0.093398
0 0.569520 0.868760 0.031250 0.057971
0 0.467165 0.969807 0.031250 0.060386
0 0.527853 0.983092 0.042120 0.033816
0 0.416214 0.958132 0.038043 0.083736
