0 0.101223 0.850242 0.042120 0.051530
0 0.191576 0.793478 0.041667 0.060386
0 0.169837 0.845008 0.035326 0.063607
0 0.146739 0.890097 0.038043 0.061997
0 0.647192 0.772947 0.025362 0.062802
0 0.617301 0.699678 0.028986 0.046699
0 0.673234 0.795894 0.029438 0.057166
0 0.793478 0.782206 0.045290 0.053945
0 0.341938 0.664251 0.030797 0.040258
0 0.117980 0.624396 0.033062 0.052335
0 0.151268 0.556763 0.040761 0.044283
0 0.078578 0.606280 0.046649 0.053140
0 0.563632 0.870773 0.043025 0.084541
0 0.522418 0.559984 0.025815 0.034622
