0 0.079031 0.677134 0.037591 0.043478
0 0.116621 0.828100 0.052083 0.066828
0 0.179348 0.681562 0.031703 0.045894
0 0.332201 0.868357 0.029438 0.053945
0 0.426857 0.611514 0.034873 0.047504
0 0.560688 0.565217 0.037138 0.062802
0 0.668931 0.856683 0.037138 0.077295
0 0.334466 0.575684 0.023098 0.041868
0 0.326993 0.522544 0.027174 0.033816
0 0.352129 0.527778 0.029438 0.045894
0 0.246150 0.470612 0.029438 0.039452
0 0.445199 0.682367 0.026268 0.049114
0 0.543025 0.890499 0.041667 0.053140
0 0.535553 0.853865 0.035779 0.042673
