0 0.064991 0.550322 0.021286 0.029791
0 0.090580 0.698068 0.024457 0.043478
0 0.217618 0.755636 0.021286 0.047504
0 0.201313 0.827697 0.025815 0.045089
0 0.176178 0.832931 0.015399 0.021739
0 0.267437 0.893317 0.033062 0.047504
0 0.299366 0.851449 0.020833 0.042673
0 0.343071 0.859501 0.017663 0.039452
0 0.432745 0.800725 0.021286 0.047504
0 0.600317 0.939211 0.042120 0.065217
0 0.623415 0.948068 0.027627 0.060386
0 0.610281 0.910628 0.024909 0.032206
0 0.605978 0.884863 0.023551 0.027375
0 0.665761 0.791868 0.029891 0.057166
0 0.650589 0.727456 0.025815 0.053945
0 0.678442 0.691626 0.034420 0.049919
0 0.847373 0.707327 0.026268 0.053945
0 0.885643 0.797504 0.044837 0.057166
0 0.499547 0.583736 0.021739 0.030596
0 0.349411 0.604670 0.023098 0.035427
0 0.399909 0.588969 0.033514 0.047504
0 0.554121 0.682770 0.037591 0.041868
