0 0.011322 0.758052 0.021739 0.052335
0 0.058197 0.721014 0.021286 0.028180
0 0.084918 0.758052 0.030344 0.034622
0 0.122283 0.756039 0.030797 0.037037
0 0.121603 0.824074 0.023098 0.039452
0 0.156024 0.840580 0.017663 0.033816
0 0.191576 0.768921 0.020833 0.045089
0 0.223053 0.765700 0.041214 0.045089
0 0.215353 0.719404 0.020380 0.031401
0 0.193388 0.911433 0.030797 0.056361
0 0.218524 0.885266 0.024909 0.041063
0 0.218297 0.840580 0.038949 0.061192
0 0.377944 0.918277 0.019475 0.044283
0 0.265625 0.646135 0.037591 0.039452
0 0.354846 0.709742 0.031250 0.045894
0 0.286911 0.618357 0.018569 0.024155
0 0.419384 0.805958 0.022645 0.049919
0 0.441350 0.803543 0.021286 0.041868
0 0.467844 0.837359 0.019928 0.037037
0 0.445879 0.861514 0.026721 0.038647
0 0.493886 0.933977 0.026721 0.051530
0 0.506341 0.814412 0.030797 0.049114
0 0.564312 0.776973 0.028986 0.054750
0 0.534647 0.697665 0.030344 0.045894
0 0.608469 0.847826 0.022192 0.035427
0 0.649909 0.853462 0.038043 0.069243
0 0.638361 0.906200 0.043025 0.081320
0 0.558424 0.610709 0.021739 0.026570
0 0.637908 0.609903 0.034873 0.045894
0 0.722147 0.931965 0.035779 0.068438
0 0.801404 0.928341 0.046649 0.066023
0 0.779891 0.905797 0.051630 0.078905
0 0.822237 0.977053 0.035779 0.037842
0 0.817708 0.661836 0.024004 0.020934
0 0.127944 0.643317 0.019475 0.028986
0 0.434103 0.663043 0.014040 0.024960
0 0.252038 0.878422 0.021286 0.040258
0 0.408288 0.952496 0.024004 0.045089
0 0.315670 0.746377 0.019022 0.037037
0 0.335145 0.686393 0.018116 0.020129
0 0.642210 0.695652 0.027174 0.037037
