0 0.950861 0.810386 0.026721 0.053945
0 0.846467 0.817230 0.038949 0.054750
0 0.735507 0.781804 0.035326 0.066023
0 0.778306 0.701288 0.019475 0.032206
0 0.729393 0.848631 0.038496 0.059581
0 0.754303 0.949678 0.042120 0.066828
0 0.682518 0.872786 0.028080 0.045089
0 0.601449 0.963768 0.036232 0.070853
0 0.627038 0.927134 0.032156 0.041063
0 0.644928 0.960145 0.048007 0.052335
0 0.609601 0.764493 0.031703 0.049114
0 0.606658 0.705314 0.033062 0.040258
0 0.528080 0.811192 0.038043 0.057166
0 0.463768 0.754831 0.022645 0.041063
0 0.473279 0.736312 0.024457 0.033011
0 0.368659 0.913043 0.026268 0.046699
0 0.369112 0.864332 0.039855 0.055556
0 0.334466 0.961353 0.024909 0.043478
0 0.315897 0.939614 0.024909 0.051530
0 0.292572 0.960145 0.020833 0.050725
0 0.265172 0.986715 0.029438 0.026570
0 0.265399 0.687601 0.020833 0.038647
0 0.228940 0.706522 0.024004 0.031401
0 0.063632 0.728261 0.024004 0.026570
0 0.329937 0.791868 0.033062 0.037842
0 0.427763 0.770531 0.027627 0.035427
0 0.515172 0.960145 0.021286 0.036232
0 0.013134 0.605878 0.025362 0.026570
0 0.062500 0.593800 0.022645 0.029791
