0 0.235054 0.972222 0.051630 0.055556
0 0.217391 0.825684 0.038949 0.053945
0 0.189764 0.839372 0.020833 0.042673
0 0.191123 0.741546 0.025362 0.037037
0 0.262228 0.744364 0.034420 0.055556
0 0.313179 0.617552 0.049366 0.054750
0 0.229167 0.597826 0.022645 0.028180
0 0.362319 0.877617 0.041667 0.070853
0 0.396060 0.846216 0.027627 0.041868
0 0.433424 0.783816 0.040761 0.061997
0 0.416893 0.756039 0.038496 0.032206
0 0.530118 0.917472 0.035779 0.057166
0 0.513587 0.702496 0.030797 0.063607
0 0.631793 0.842190 0.043478 0.062802
0 0.655571 0.883253 0.044837 0.080515
0 0.751359 0.918680 0.053442 0.054750
0 0.765399 0.966989 0.048913 0.066023
0 0.771513 0.707327 0.052083 0.061997
0 0.951540 0.948068 0.038949 0.065217
0 0.909647 0.811192 0.041214 0.055556
0 0.538043 0.559179 0.028986 0.039452
0 0.895154 0.730274 0.033062 0.028986
0 0.988225 0.680757 0.023551 0.039452
0 0.656250 0.758857 0.028080 0.036232
0 0.763587 0.799114 0.020833 0.036232
0 0.463995 0.907407 0.024004 0.043478
0 0.478714 0.948068 0.017210 0.044283
0 0.478261 0.809581 0.020833 0.044283
0 0.162138 0.776570 0.024457 0.042673
