0 0.048007 0.583736 0.036232 0.049919
0 0.024683 0.630435 0.033967 0.032206
0 0.038270 0.766506 0.024909 0.033816
0 0.062500 0.750403 0.027174 0.032206
0 0.140172 0.763285 0.034873 0.062802
0 0.165987 0.742754 0.024909 0.039452
0 0.237319 0.739533 0.035326 0.042673
0 0.256567 0.897746 0.038496 0.067633
0 0.394248 0.823269 0.033062 0.070048
0 0.426857 0.671095 0.041214 0.068438
0 0.469429 0.651771 0.045743 0.082931
0 0.556159 0.807166 0.031703 0.092593
0 0.410100 0.778180 0.032156 0.052335
0 0.378170 0.546296 0.033514 0.045894
0 0.258152 0.539452 0.032609 0.043478
0 0.276268 0.467391 0.028986 0.033011
0 0.537364 0.649356 0.029438 0.053945
0 0.495245 0.587359 0.044837 0.066828
0 0.809783 0.739533 0.039855 0.063607
