0 0.013813 0.601047 0.021286 0.031401
0 0.075861 0.781401 0.029438 0.045894
0 0.080389 0.751610 0.022192 0.016908
0 0.030344 0.912641 0.059783 0.066828
0 0.273324 0.788647 0.016757 0.031401
0 0.310688 0.792673 0.030797 0.033011
0 0.279665 0.981481 0.025815 0.037037
0 0.420969 0.974638 0.030344 0.050725
0 0.526495 0.933977 0.037591 0.074074
0 0.498188 0.735507 0.031703 0.055556
0 0.447011 0.819243 0.019022 0.031401
0 0.474638 0.718599 0.019928 0.031401
0 0.696105 0.803543 0.033514 0.061192
0 0.723958 0.851047 0.037591 0.074074
0 0.723958 0.929549 0.040308 0.071659
0 0.939991 0.973027 0.040308 0.053945
0 0.885643 0.898148 0.044837 0.053945
