0 0.843750 0.854670 0.048007 0.089372
0 0.899457 0.549919 0.040761 0.066023
0 0.778080 0.572464 0.048007 0.054750
0 0.860507 0.585749 0.028986 0.045894
0 0.758152 0.950886 0.035326 0.053140
0 0.752264 0.774960 0.048007 0.041063
0 0.581975 0.705314 0.034420 0.051530
0 0.567029 0.947665 0.035326 0.080515
0 0.451540 0.871981 0.036232 0.070853
0 0.398777 0.851852 0.035779 0.067633
0 0.423007 0.865539 0.028080 0.057971
0 0.479846 0.721820 0.028533 0.047504
0 0.307065 0.721820 0.033514 0.057166
0 0.331522 0.533011 0.035326 0.056361
0 0.426857 0.626409 0.026721 0.035427
0 0.441123 0.654187 0.047101 0.052335
0 0.435688 0.696860 0.042572 0.044283
0 0.248415 0.754831 0.044837 0.066828
0 0.229167 0.673913 0.030797 0.046699
0 0.101449 0.898953 0.032609 0.060386
0 0.140625 0.845813 0.037591 0.065217
0 0.088315 0.840580 0.032609 0.051530
0 0.027174 0.688406 0.024457 0.038647
0 0.118886 0.653784 0.024909 0.032206
0 0.616168 0.918277 0.036685 0.068438
0 0.658967 0.927939 0.028986 0.053945
0 0.348505 0.985910 0.042120 0.028180
0 0.859375 0.985910 0.048460 0.028180
0 0.843976 0.933172 0.038496 0.080515
