0 0.082201 0.732689 0.029438 0.038647
0 0.297328 0.691626 0.030344 0.038647
0 0.380435 0.799517 0.032609 0.051530
0 0.361413 0.752415 0.026268 0.045894
0 0.677763 0.813607 0.035779 0.061997
0 0.706295 0.970612 0.038496 0.058776
0 0.800272 0.814815 0.048913 0.080515
0 0.753623 0.805153 0.034420 0.046699
0 0.846920 0.947665 0.084239 0.088567
0 0.850996 0.632045 0.032609 0.049919
0 0.876359 0.652979 0.028080 0.053140
0 0.903306 0.661836 0.032156 0.056361
0 0.897871 0.595813 0.038496 0.035427
0 0.772418 0.649758 0.030344 0.037037
0 0.965806 0.818438 0.033062 0.045894
0 0.656929 0.942432 0.024909 0.042673
