0 0.754303 0.899758 0.046649 0.068438
0 0.723053 0.861916 0.046649 0.079710
0 0.629303 0.778180 0.037591 0.057166
0 0.602808 0.724235 0.037138 0.060386
0 0.605752 0.665862 0.035779 0.061192
0 0.694520 0.590580 0.052989 0.073269
0 0.787817 0.636473 0.039402 0.066828
0 0.856658 0.646135 0.031250 0.031401
0 0.915761 0.430354 0.048007 0.055556
0 0.912364 0.543881 0.049366 0.049114
0 0.802310 0.528583 0.033967 0.037842
0 0.697464 0.493559 0.033514 0.035427
0 0.510870 0.513285 0.039855 0.071659
0 0.454257 0.607488 0.037138 0.055556
0 0.489130 0.748390 0.023551 0.053945
0 0.508152 0.837762 0.034420 0.060386
0 0.478034 0.845813 0.029438 0.057166
0 0.430254 0.762480 0.041667 0.067633
0 0.391984 0.810386 0.046649 0.071659
0 0.255208 0.801127 0.034873 0.064412
0 0.227808 0.816425 0.029891 0.056361
0 0.242074 0.762882 0.026721 0.050725
0 0.299819 0.692834 0.029891 0.058776
0 0.182971 0.900161 0.027174 0.048309
0 0.153306 0.797101 0.025815 0.051530
0 0.143116 0.737118 0.030797 0.044283
0 0.112545 0.579308 0.028533 0.037842
0 0.063179 0.555556 0.025815 0.037037
0 0.052989 0.701691 0.029891 0.050725
0 0.396513 0.651771 0.029438 0.063607
0 0.415308 0.680757 0.023551 0.039452
0 0.380208 0.704509 0.027627 0.033816
0 0.334692 0.462963 0.028986 0.053140
0 0.293931 0.487520 0.033514 0.045894
0 0.116621 0.782609 0.031250 0.056361
