0 0.069520 0.742754 0.022192 0.045894
0 0.173687 0.700081 0.028533 0.031401
0 0.242527 0.695652 0.036685 0.051530
0 0.181612 0.747585 0.028986 0.039452
0 0.180707 0.889291 0.025362 0.057166
0 0.248188 0.837359 0.030797 0.083736
0 0.303216 0.797504 0.033967 0.068438
0 0.323370 0.875201 0.030797 0.054750
0 0.318161 0.843398 0.024004 0.042673
0 0.370697 0.707327 0.016757 0.041063
0 0.443388 0.788647 0.038949 0.061997
0 0.364810 0.971417 0.040308 0.057166
0 0.723732 0.941224 0.050725 0.085346
0 0.763587 0.913446 0.038949 0.070048
0 0.713768 0.787842 0.035326 0.049114
0 0.773551 0.793478 0.029891 0.070048
0 0.878397 0.978261 0.043025 0.043478
