0 0.071784 0.789452 0.033062 0.042673
0 0.121150 0.869163 0.030344 0.053945
0 0.133152 0.807971 0.026268 0.034622
0 0.173007 0.789855 0.021739 0.048309
0 0.199049 0.783816 0.027627 0.049114
0 0.170743 0.830113 0.026268 0.040258
0 0.153306 0.883655 0.027627 0.041063
0 0.167346 0.910628 0.029438 0.037037
0 0.236413 0.896538 0.028080 0.044283
0 0.234375 0.771337 0.028533 0.043478
0 0.698596 0.797907 0.051178 0.069243
0 0.850091 0.806763 0.039855 0.053140
0 0.933650 0.954106 0.060236 0.091787
0 0.823370 0.979066 0.027174 0.041868
0 0.763134 0.964573 0.049819 0.070853
0 0.727808 0.699678 0.021739 0.040258
0 0.468976 0.859098 0.033967 0.057971
0 0.519928 0.787842 0.037138 0.044283
0 0.601223 0.858696 0.036685 0.057166
0 0.310236 0.984702 0.026268 0.030596
