0 0.082654 0.865539 0.035779 0.066023
0 0.140851 0.743961 0.034420 0.045089
0 0.210824 0.813205 0.034873 0.053140
0 0.277627 0.904187 0.033514 0.061192
0 0.257020 0.878422 0.028533 0.041868
0 0.274683 0.830918 0.028533 0.041868
0 0.322690 0.809581 0.027627 0.058776
0 0.353487 0.864332 0.030344 0.050725
0 0.374321 0.808374 0.030344 0.056361
0 0.349185 0.956924 0.034420 0.049114
0 0.314085 0.918680 0.027627 0.048309
0 0.417572 0.792673 0.029891 0.047504
0 0.412364 0.955717 0.037591 0.082126
0 0.754755 0.807166 0.029438 0.053945
0 0.919611 0.881240 0.049366 0.049114
0 0.780797 0.896538 0.044384 0.070048
