0 0.077446 0.789050 0.028080 0.045089
0 0.173007 0.726651 0.032609 0.036232
0 0.136322 0.820048 0.033514 0.045894
0 0.193388 0.894525 0.027174 0.054750
0 0.336730 0.814412 0.044837 0.061997
0 0.272192 0.974235 0.035326 0.051530
0 0.272418 0.930757 0.036685 0.045089
0 0.447690 0.902576 0.041214 0.069243
0 0.558424 0.886473 0.034420 0.067633
0 0.655118 0.886876 0.037591 0.068438
0 0.652174 0.962560 0.037138 0.061997
0 0.529891 0.984300 0.038043 0.031401
0 0.418931 0.752818 0.031703 0.041868
0 0.705389 0.869968 0.033967 0.065217
0 0.008605 0.854267 0.016304 0.045089
0 0.732790 0.935185 0.028986 0.071659
0 0.631567 0.799114 0.028533 0.041063
