0 0.028306 0.887279 0.032156 0.054750
0 0.061141 0.864734 0.028986 0.053140
0 0.235734 0.832931 0.037591 0.053945
0 0.150362 0.791465 0.024457 0.045089
0 0.135417 0.852254 0.032609 0.045894
0 0.308424 0.918277 0.033514 0.061997
0 0.411005 0.956924 0.036685 0.052335
0 0.478261 0.829308 0.028986 0.059581
0 0.554348 0.755233 0.034420 0.046699
0 0.612092 0.919082 0.043025 0.073269
0 0.711957 0.895330 0.039855 0.074074
0 0.656929 0.931159 0.025815 0.055556
0 0.839900 0.902174 0.048460 0.071659
0 0.890625 0.879227 0.043025 0.072464
0 0.855978 0.975443 0.046196 0.049114
0 0.543705 0.975443 0.022192 0.049114
