0 0.355978 0.985910 0.037138 0.028180
0 0.380208 0.967391 0.035779 0.065217
0 0.518342 0.944847 0.035779 0.068438
0 0.495697 0.874396 0.026721 0.056361
0 0.691803 0.915459 0.035779 0.075684
0 0.724864 0.919485 0.033062 0.061192
0 0.689085 0.863124 0.039402 0.049919
0 0.820426 0.817633 0.039402 0.055556
0 0.837862 0.990338 0.043478 0.019324
0 0.677536 0.673510 0.025362 0.044283
0 0.421422 0.748792 0.022192 0.046699
0 0.440670 0.745169 0.019928 0.050725
0 0.466259 0.857085 0.030344 0.047504
0 0.293478 0.836151 0.019928 0.042673
0 0.237772 0.652979 0.025362 0.027375
0 0.202672 0.703704 0.025815 0.032206
0 0.027853 0.813205 0.035779 0.046699
0 0.092391 0.830113 0.031703 0.037037
