0 0.125000 0.778583 0.022645 0.038647
0 0.131114 0.904992 0.035779 0.067633
0 0.083107 0.919485 0.022192 0.045089
0 0.177989 0.931965 0.033514 0.065217
0 0.199275 0.891707 0.035326 0.057166
0 0.292346 0.929549 0.033967 0.068438
0 0.346467 0.829308 0.036232 0.066023
0 0.289855 0.781401 0.029891 0.052335
0 0.607563 0.764090 0.021286 0.040258
0 0.679121 0.812802 0.030344 0.063607
0 0.767889 0.955717 0.034873 0.077295
0 0.941576 0.724638 0.034420 0.033816
0 0.893342 0.842190 0.032156 0.054750
0 0.381793 0.759259 0.021739 0.038647
