0 0.032156 0.834541 0.033514 0.055556
0 0.023098 0.876812 0.033514 0.054750
0 0.063406 0.839372 0.033514 0.070048
0 0.098732 0.817230 0.040761 0.057971
0 0.123868 0.688808 0.030344 0.047504
0 0.171196 0.639291 0.025362 0.048309
0 0.154891 0.845813 0.037138 0.055556
0 0.147871 0.933575 0.032156 0.057166
0 0.198822 0.847826 0.028080 0.057971
0 0.300045 0.851852 0.040308 0.070853
0 0.276268 0.965378 0.055254 0.062802
0 0.359828 0.971014 0.046649 0.054750
0 0.451313 0.891707 0.045743 0.065217
0 0.391984 0.732689 0.030344 0.046699
0 0.373641 0.822061 0.021739 0.041868
0 0.042799 0.658213 0.029438 0.031401
0 0.815444 0.974235 0.034873 0.051530
0 0.839674 0.981884 0.021739 0.036232
0 0.179801 0.737923 0.031703 0.034622
