0 0.009058 0.725040 0.017210 0.018519
0 0.105525 0.703301 0.020833 0.029791
0 0.115942 0.687198 0.019928 0.021739
0 0.059783 0.803945 0.018116 0.031401
0 0.151721 0.836957 0.028080 0.037842
0 0.247056 0.801530 0.028533 0.041063
0 0.288043 0.766103 0.028080 0.033011
0 0.323370 0.887279 0.032609 0.054750
0 0.356205 0.865942 0.026721 0.041063
0 0.303668 0.877214 0.022192 0.039452
0 0.174366 0.966184 0.029891 0.064412
0 0.196105 0.971820 0.036232 0.056361
0 0.511549 0.853462 0.032156 0.045089
0 0.548687 0.836554 0.040308 0.054750
0 0.596694 0.789050 0.029438 0.051530
0 0.629076 0.807971 0.029891 0.055556
0 0.709918 0.752415 0.033062 0.047504
0 0.607563 0.900161 0.027627 0.020934
0 0.784194 0.812399 0.043025 0.069243
0 0.753170 0.938003 0.048913 0.064412
0 0.700861 0.904187 0.022192 0.046699
0 0.589447 0.969002 0.038496 0.058776
0 0.616621 0.961755 0.045743 0.076490
