0 0.793931 0.951691 0.030797 0.062802
0 0.767663 0.971014 0.047101 0.057971
0 0.638134 0.867150 0.038043 0.064412
0 0.681839 0.826087 0.036685 0.053140
0 0.532609 0.907407 0.044384 0.064412
0 0.406929 0.899356 0.033967 0.048309
0 0.289629 0.865137 0.020380 0.039452
0 0.314764 0.774155 0.028080 0.031401
0 0.233243 0.782206 0.025362 0.033011
0 0.236187 0.899356 0.018569 0.041868
0 0.256567 0.855072 0.031250 0.045089
0 0.018116 0.686795 0.021739 0.024155
0 0.030344 0.711755 0.028080 0.035427
0 0.025362 0.655395 0.026268 0.028986
0 0.199275 0.814815 0.013587 0.035427
