0 0.091938 0.954911 0.038043 0.056361
0 0.138134 0.850644 0.032609 0.061997
0 0.105525 0.774960 0.032609 0.042673
0 0.326766 0.716184 0.036685 0.071659
0 0.365716 0.646135 0.037591 0.053945
0 0.178216 0.681159 0.029438 0.051530
0 0.411005 0.900966 0.033062 0.064412
0 0.385643 0.758857 0.028533 0.041063
0 0.347600 0.863124 0.025815 0.048309
0 0.282156 0.916667 0.029891 0.057166
0 0.284873 0.885668 0.029891 0.048309
0 0.298007 0.863124 0.032609 0.051530
0 0.218297 0.961755 0.040761 0.061997
0 0.247962 0.916667 0.034873 0.070048
0 0.214674 0.920290 0.043478 0.046699
0 0.874547 0.923913 0.060688 0.094203
0 0.658288 0.901771 0.052083 0.080515
0 0.760417 0.858293 0.034420 0.054750
0 0.448370 0.895733 0.035326 0.068438
0 0.439991 0.755636 0.030344 0.050725
