0 0.149457 0.901771 0.030797 0.064412
0 0.365942 0.727456 0.038949 0.081320
0 0.299819 0.544686 0.034420 0.033011
0 0.337409 0.723430 0.032609 0.050725
0 0.384737 0.830113 0.024004 0.057971
0 0.485507 0.695250 0.033514 0.044283
0 0.652174 0.654992 0.037138 0.070048
0 0.644022 0.638084 0.041667 0.071659
0 0.606884 0.838969 0.030797 0.051530
0 0.559556 0.832931 0.031250 0.055556
0 0.635870 0.891707 0.049819 0.081320
0 0.696558 0.932367 0.055254 0.088567
0 0.761096 0.917874 0.051178 0.074074
0 0.797328 0.786634 0.054801 0.082126
0 0.850770 0.778180 0.055707 0.089372
0 0.734149 0.569243 0.035326 0.059581
0 0.908514 0.588969 0.060688 0.053945
