0 0.061821 0.799517 0.032156 0.049919
0 0.113678 0.742351 0.030797 0.037037
0 0.144701 0.644122 0.020380 0.035427
0 0.219656 0.764895 0.032609 0.049919
0 0.260643 0.681965 0.028533 0.045089
0 0.249094 0.866747 0.027174 0.044283
0 0.217618 0.809581 0.021286 0.045894
0 0.693841 0.760870 0.037138 0.064412
0 0.711277 0.799114 0.020380 0.042673
0 0.831069 0.820853 0.035326 0.050725
0 0.852355 0.953704 0.031703 0.047504
0 0.675725 0.978261 0.033514 0.043478
0 0.712183 0.986312 0.035779 0.027375
0 0.985507 0.836957 0.028986 0.076490
0 0.988678 0.717794 0.022645 0.058776
0 0.339447 0.905797 0.029438 0.057971
0 0.381793 0.955717 0.029891 0.056361
0 0.383379 0.985105 0.036685 0.029791
