0 0.127491 0.968196 0.072917 0.063607
0 0.250000 0.844203 0.047101 0.087762
0 0.220335 0.840177 0.027627 0.073269
0 0.189991 0.826892 0.032156 0.056361
0 0.129982 0.860306 0.048913 0.066828
0 0.123641 0.809179 0.042572 0.067633
0 0.244112 0.656602 0.034420 0.047504
0 0.326087 0.795491 0.028080 0.048309
0 0.510870 0.604267 0.033514 0.036232
0 0.733016 0.823269 0.048460 0.074879
0 0.586730 0.797504 0.048460 0.089372
0 0.612772 0.780596 0.042572 0.070048
0 0.709239 0.652979 0.045290 0.075684
0 0.778759 0.680354 0.031250 0.038647
0 0.871603 0.788245 0.061141 0.066023
0 0.906476 0.842190 0.041214 0.061192
0 0.688406 0.595008 0.032609 0.040258
0 0.663949 0.980676 0.041667 0.038647
0 0.219429 0.577295 0.033062 0.037037
0 0.155571 0.597826 0.035779 0.041063
0 0.103487 0.590580 0.030344 0.034622
0 0.122283 0.679147 0.025362 0.021739
0 0.219656 0.739936 0.027174 0.028986
