0 0.015625 0.701691 0.030344 0.053945
0 0.060915 0.579710 0.043025 0.064412
0 0.141304 0.595008 0.044384 0.048309
0 0.124547 0.763688 0.041667 0.060386
0 0.113225 0.888486 0.051630 0.090982
0 0.048913 0.868760 0.038949 0.072464
0 0.031250 0.822866 0.041667 0.069243
0 0.168478 0.860306 0.035326 0.052335
0 0.258605 0.725443 0.038949 0.080515
0 0.204937 0.624396 0.039402 0.042673
0 0.282156 0.605878 0.038949 0.049114
0 0.370924 0.556361 0.028080 0.041868
0 0.344429 0.846216 0.043931 0.069243
0 0.437953 0.878422 0.032609 0.046699
0 0.179801 0.963768 0.032609 0.054750
0 0.896060 0.938406 0.076540 0.121578
0 0.741621 0.929952 0.079257 0.140097
0 0.815897 0.935588 0.050272 0.115942
0 0.720109 0.669485 0.048913 0.070048
0 0.587183 0.587762 0.043931 0.064412
0 0.624547 0.557166 0.042572 0.048309
0 0.685009 0.669887 0.026721 0.037037
0 0.927536 0.860709 0.042572 0.083736
0 0.539855 0.927536 0.038949 0.077295
0 0.052989 0.751610 0.032609 0.060386
0 0.070879 0.702899 0.038496 0.040258
0 0.461504 0.811997 0.034420 0.081320
0 0.569520 0.754428 0.019475 0.033816
0 0.591033 0.763285 0.023551 0.037037
0 0.468297 0.625604 0.024457 0.037037
