0 0.112319 0.907810 0.041667 0.074879
0 0.171196 0.867150 0.043478 0.064412
0 0.346694 0.959340 0.055707 0.081320
0 0.411005 0.882448 0.036685 0.075684
0 0.324049 0.677536 0.042120 0.063607
0 0.285553 0.824879 0.043025 0.058776
0 0.317255 0.816425 0.034873 0.066023
0 0.422554 0.692432 0.039855 0.049919
0 0.454484 0.710950 0.032156 0.041868
0 0.569746 0.842190 0.045290 0.083736
0 0.601676 0.703704 0.048460 0.061192
0 0.742754 0.971417 0.058877 0.057166
0 0.781024 0.712963 0.034873 0.036232
0 0.883605 0.946860 0.052536 0.099839
0 0.975770 0.665459 0.048460 0.110306
0 0.345109 0.805153 0.026268 0.043478
0 0.535779 0.789855 0.024457 0.051530
