0 0.799592 0.952093 0.067482 0.095813
0 0.763587 0.874799 0.066123 0.103865
0 0.698370 0.771337 0.034420 0.057971
0 0.587183 0.696860 0.047554 0.079710
0 0.588315 0.954509 0.044384 0.081320
0 0.496603 0.904992 0.036685 0.078905
0 0.433877 0.948470 0.044384 0.077295
0 0.515851 0.683575 0.031703 0.064412
0 0.528759 0.590982 0.039402 0.066023
0 0.408288 0.716586 0.041214 0.080515
0 0.355072 0.770531 0.046196 0.082126
0 0.195199 0.745572 0.043478 0.070853
0 0.127038 0.824074 0.066576 0.103865
0 0.087409 0.879630 0.051630 0.092593
0 0.195879 0.471820 0.043025 0.054750
