0 0.069746 0.614734 0.028080 0.041063
0 0.136549 0.590177 0.031250 0.041868
0 0.118433 0.669082 0.031250 0.046699
0 0.208107 0.761272 0.031250 0.061997
0 0.222373 0.732689 0.037138 0.040258
0 0.303668 0.821256 0.035779 0.066023
0 0.148098 0.796699 0.024457 0.037842
0 0.120471 0.730676 0.032609 0.037842
0 0.144022 0.665459 0.024457 0.029791
0 0.079031 0.747585 0.033062 0.058776
0 0.044384 0.753623 0.024457 0.057971
0 0.043705 0.789452 0.025815 0.036232
0 0.302763 0.914654 0.021286 0.045089
0 0.405571 0.853462 0.033967 0.057971
0 0.368659 0.747987 0.043478 0.064412
0 0.521060 0.754026 0.038496 0.044283
0 0.541214 0.832528 0.025362 0.051530
0 0.560915 0.841385 0.029438 0.053140
0 0.379529 0.626409 0.024457 0.035427
0 0.712409 0.946055 0.038949 0.072464
0 0.824049 0.984300 0.037591 0.031401
0 0.737772 0.778986 0.036232 0.063607
0 0.190897 0.547504 0.016757 0.020934
