0 0.676857 0.925523 0.039402 0.071659
0 0.533967 0.980274 0.040761 0.039452
0 0.579257 0.944042 0.028986 0.060386
0 0.545516 0.828502 0.033062 0.067633
0 0.346241 0.893317 0.034873 0.055556
0 0.335145 0.760870 0.033514 0.053140
0 0.310915 0.657005 0.024004 0.037037
0 0.334466 0.641304 0.022192 0.036232
0 0.232337 0.593800 0.020833 0.039452
0 0.105752 0.801127 0.031250 0.045089
0 0.208333 0.915459 0.028986 0.056361
0 0.209692 0.587762 0.018116 0.025765
0 0.353487 0.854670 0.024004 0.042673
0 0.290082 0.628019 0.020380 0.028986
