0 0.113904 0.978261 0.041214 0.043478
0 0.042799 0.809581 0.056612 0.073269
0 0.049819 0.739533 0.036232 0.047504
0 0.081522 0.638486 0.038043 0.056361
0 0.087409 0.735105 0.028080 0.064412
0 0.153759 0.788647 0.033967 0.057166
0 0.190444 0.841385 0.051178 0.069243
0 0.240942 0.842593 0.045290 0.074879
0 0.304348 0.926329 0.040761 0.092593
0 0.437726 0.925926 0.026721 0.059581
0 0.479393 0.779388 0.031250 0.064412
0 0.345335 0.684783 0.034873 0.057166
0 0.443388 0.779388 0.034420 0.054750
0 0.612545 0.813607 0.032156 0.057166
0 0.409873 0.594203 0.028080 0.033816
0 0.763587 0.835749 0.048007 0.080515
0 0.781703 0.716989 0.038043 0.045894
0 0.926178 0.894525 0.045290 0.080515
