0 0.067935 0.739936 0.037138 0.062802
0 0.114130 0.606683 0.028986 0.042673
0 0.126585 0.572464 0.027627 0.038647
0 0.232790 0.670692 0.037138 0.064412
0 0.198596 0.865539 0.047554 0.075684
0 0.254755 0.772142 0.039402 0.086957
0 0.301857 0.836151 0.034873 0.063607
0 0.358922 0.894525 0.042120 0.069243
0 0.421649 0.849839 0.036232 0.076490
0 0.446105 0.903784 0.037138 0.060386
0 0.507699 0.713768 0.039855 0.060386
0 0.213995 0.787842 0.034873 0.050725
0 0.686141 0.813607 0.039855 0.071659
0 0.673913 0.886473 0.034420 0.053140
0 0.633379 0.971014 0.038496 0.057971
0 0.851676 0.921095 0.048460 0.077295
0 0.593524 0.595411 0.030344 0.042673
