0 0.350996 0.969002 0.048913 0.061997
0 0.460598 0.919887 0.031703 0.074879
0 0.436594 0.791868 0.031703 0.053945
0 0.421649 0.826892 0.032609 0.056361
0 0.325861 0.923510 0.039402 0.054750
0 0.323822 0.595008 0.038949 0.049919
0 0.422781 0.603865 0.034873 0.043478
0 0.680933 0.653784 0.045743 0.064412
0 0.712409 0.871981 0.054348 0.077295
0 0.874321 0.512077 0.039402 0.051530
0 0.757473 0.597826 0.035779 0.033011
0 0.909420 0.719807 0.045290 0.041868
0 0.355752 0.843800 0.024004 0.062802
0 0.259964 0.787037 0.034420 0.065217
