0 0.249774 0.957327 0.046649 0.085346
0 0.354846 0.807568 0.032156 0.069243
0 0.463542 0.943237 0.050272 0.100644
0 0.586277 0.947262 0.034873 0.086151
0 0.538496 0.851449 0.035326 0.066828
0 0.551630 0.805153 0.036232 0.057971
0 0.510643 0.598631 0.033967 0.049114
0 0.414855 0.592995 0.041667 0.045894
0 0.651947 0.953704 0.037591 0.066828
0 0.723958 0.910225 0.049366 0.089372
0 0.756341 0.838567 0.052536 0.086151
0 0.671196 0.585346 0.041667 0.070853
0 0.896739 0.888486 0.069746 0.102254
0 0.848958 0.894122 0.038496 0.066828
0 0.822237 0.650966 0.058424 0.053945
