0 0.049366 0.871981 0.027174 0.048309
0 0.050498 0.707729 0.033967 0.030596
0 0.124094 0.911836 0.045290 0.086151
0 0.090353 0.901771 0.024004 0.046699
0 0.201993 0.922705 0.028986 0.057971
0 0.235960 0.880837 0.036232 0.086957
0 0.280571 0.887681 0.027627 0.068438
0 0.322690 0.785427 0.032156 0.060386
0 0.244565 0.711755 0.035326 0.049919
0 0.190217 0.764090 0.035326 0.038647
0 0.315670 0.680757 0.028986 0.052335
0 0.374094 0.630837 0.022645 0.034622
0 0.382020 0.933575 0.031250 0.057166
0 0.414855 0.834944 0.031703 0.061192
0 0.443614 0.870773 0.028533 0.052335
0 0.500906 0.909823 0.035326 0.070853
0 0.603714 0.958937 0.041667 0.064412
0 0.661685 0.863124 0.027174 0.059581
0 0.690897 0.874799 0.033967 0.073269
0 0.653306 0.727053 0.025815 0.045089
0 0.501585 0.861111 0.047554 0.053945
0 0.841712 0.835346 0.055707 0.057166
0 0.773551 0.944847 0.045290 0.052335
0 0.741395 0.980274 0.036232 0.039452
0 0.944520 0.969404 0.038496 0.061192
0 0.982111 0.971014 0.035779 0.057971
0 0.918025 0.782609 0.045290 0.066023
