0 0.944067 0.803945 0.056612 0.084541
0 0.889946 0.785024 0.054348 0.069243
0 0.894701 0.717794 0.040308 0.053945
0 0.857790 0.659018 0.059783 0.053945
0 0.730072 0.778583 0.042572 0.062802
0 0.694973 0.759662 0.035779 0.047504
0 0.715580 0.713366 0.040761 0.051530
0 0.733696 0.595813 0.052536 0.080515
0 0.851223 0.849436 0.043931 0.064412
0 0.834239 0.805153 0.040761 0.051530
0 0.874094 0.970612 0.049819 0.058776
0 0.880888 0.929952 0.038949 0.053140
0 0.943841 0.552738 0.042572 0.042673
0 0.806612 0.669082 0.045290 0.056361
0 0.647871 0.689614 0.030344 0.045894
0 0.710371 0.470612 0.032156 0.044283
0 0.766078 0.469002 0.024004 0.024960
0 0.383605 0.656602 0.030797 0.041063
0 0.299592 0.520129 0.020380 0.033816
0 0.519701 0.948470 0.040308 0.077295
0 0.535553 0.916667 0.030344 0.058776
