0 0.021513 0.921498 0.029438 0.028180
0 0.033967 0.859903 0.030797 0.027375
0 0.085371 0.835749 0.031250 0.045089
0 0.181386 0.826087 0.032156 0.053140
0 0.224638 0.776973 0.034420 0.041868
0 0.273551 0.818035 0.033514 0.049919
0 0.249774 0.983092 0.033062 0.033816
0 0.086504 0.917472 0.027174 0.052335
0 0.292346 0.933172 0.024909 0.037037
0 0.347147 0.891707 0.027627 0.055556
0 0.331748 0.785427 0.034873 0.044283
0 0.546649 0.987118 0.035326 0.025765
0 0.634737 0.983897 0.034873 0.032206
0 0.669611 0.917874 0.044837 0.077295
0 0.542120 0.823671 0.037138 0.051530
0 0.610054 0.783414 0.037138 0.061192
0 0.663949 0.721820 0.025362 0.034622
0 0.473732 0.776973 0.028986 0.051530
0 0.735734 0.921095 0.027627 0.046699
