0 0.971467 0.922303 0.057065 0.103865
0 0.956522 0.657407 0.038043 0.049114
0 0.871150 0.660628 0.043931 0.050725
0 0.636549 0.945652 0.048460 0.103865
0 0.779438 0.881643 0.037138 0.072464
0 0.463089 0.746779 0.038496 0.052335
0 0.191350 0.917874 0.040308 0.090177
0 0.240263 0.886071 0.034873 0.073269
0 0.152627 0.962963 0.031703 0.043478
0 0.058197 0.964976 0.030344 0.052335
0 0.232563 0.605475 0.020380 0.040258
0 0.201766 0.683977 0.026721 0.042673
0 0.841712 0.907407 0.043025 0.067633
0 0.913043 0.915056 0.044384 0.052335
0 0.848279 0.541868 0.033514 0.032206
0 0.688179 0.644122 0.042120 0.061192
0 0.654665 0.864734 0.031250 0.053140
0 0.330163 0.741143 0.028080 0.044283
