0 0.167799 0.931562 0.036685 0.061192
0 0.193161 0.894928 0.028533 0.050725
0 0.276495 0.926731 0.034873 0.069243
0 0.306612 0.888486 0.021739 0.049114
0 0.342391 0.875201 0.031703 0.069243
0 0.326087 0.954911 0.030797 0.046699
0 0.480072 0.826490 0.040761 0.070048
0 0.452672 0.681159 0.026721 0.045089
0 0.425272 0.613527 0.026268 0.035427
0 0.439991 0.968196 0.032156 0.063607
0 0.028759 0.621981 0.034873 0.036232
0 0.665987 0.741948 0.032156 0.053945
0 0.766757 0.647746 0.036232 0.052335
0 0.799819 0.646135 0.025362 0.039452
0 0.763134 0.840580 0.062500 0.075684
0 0.721467 0.946457 0.045290 0.084541
0 0.637908 0.978663 0.040308 0.042673
0 0.880888 0.948470 0.046196 0.077295
