0 0.695426 0.770129 0.031250 0.052335
0 0.611413 0.616747 0.030797 0.038647
0 0.404891 0.767713 0.035326 0.065217
0 0.337862 0.599839 0.036232 0.041868
0 0.304348 0.706522 0.032609 0.044283
0 0.264719 0.646940 0.030344 0.050725
0 0.238904 0.478663 0.034873 0.041063
0 0.121150 0.911836 0.043931 0.061997
0 0.064538 0.979469 0.043931 0.041063
0 0.045969 0.795491 0.044837 0.048309
0 0.169384 0.720612 0.029891 0.049919
0 0.101449 0.783011 0.030797 0.044283
0 0.177989 0.549919 0.033514 0.038647
0 0.154891 0.533414 0.028986 0.037842
0 0.265399 0.552738 0.020833 0.033011
0 0.100770 0.513285 0.026721 0.029791
0 0.075181 0.780596 0.028986 0.045894
0 0.028759 0.829308 0.031250 0.033816
0 0.314764 0.930757 0.038043 0.070853
0 0.428895 0.735507 0.032609 0.058776
