0 0.126132 0.708132 0.027627 0.041063
0 0.168705 0.698873 0.025815 0.045089
0 0.184556 0.690016 0.017663 0.038647
0 0.367074 0.514895 0.022192 0.034622
0 0.384511 0.535829 0.024457 0.042673
0 0.601223 0.562802 0.031250 0.045089
0 0.506114 0.599034 0.029438 0.040258
0 0.573370 0.783414 0.036232 0.066023
0 0.610054 0.725040 0.033514 0.055556
0 0.649683 0.973430 0.052989 0.053140
0 0.695426 0.980274 0.031250 0.039452
0 0.672328 0.789050 0.030344 0.046699
0 0.473053 0.627214 0.034873 0.046699
0 0.480525 0.550725 0.048007 0.067633
0 0.421875 0.931562 0.043025 0.080515
0 0.473279 0.860306 0.038949 0.066828
0 0.295516 0.933172 0.035779 0.072464
0 0.891078 0.806361 0.044837 0.057166
0 0.873415 0.652174 0.036685 0.045089
0 0.932745 0.793076 0.059330 0.062802
0 0.975317 0.744767 0.049366 0.066023
0 0.312274 0.897343 0.029438 0.052335
0 0.833560 0.866345 0.038496 0.069243
0 0.744792 0.624396 0.046649 0.063607
